[[[  40.14869238   25.0827944    34.79516988  175.62203954   54.81346927
   -100.59037752   57.12147974   47.59692211    7.5893725  -111.67703685
    -97.95432334   19.7687591   101.26821028  -28.22508002  -16.54799451
    -68.87994546 -187.91484028]
  [  12.13893678  165.73579598  152.11861955  134.05310831 -141.45767522
   -152.57585959 -125.2229218     8.80272922  -19.46985321  -16.11921428
    -20.46784218 -170.66696495 -290.39149823 -285.19754306  145.97982669
    329.49580272  279.11868701]
  [ -96.93716987 -177.03857125 -588.93828193 -959.98628182 -181.36536777
   -617.07236162 -975.96549378  191.5918761   449.33956014  567.43281962
    643.62707019  419.39150013   92.59446927 -190.12443007  430.91581316
    272.80288035  283.6713988 ]]]