[[[  40.43472891   42.11801157   58.93157324  212.68336768   38.14722699
    -82.05013241   78.32471665   46.90194379   -5.701304   -109.22899339
    -83.49668155   30.10698757   79.21929131  -50.68777222  -26.58720053
    -52.70853614 -172.77029396]
  [   9.14605532  161.29689659  153.10996761  132.91900718 -143.00458899
   -142.80127063 -124.91952778    5.05054168  -21.4046779   -13.5229391
    -20.69644394 -172.6431498  -297.68507398 -283.93284604  142.27303931
    328.89661079  285.19455955]
  [ -96.25722884 -177.35206389 -621.14194168 -980.78980304 -181.36223348
   -623.53532902 -990.06727888  192.79918113  450.8216831   570.67554418
    645.57690911  420.76496126   95.62253432 -156.00593576  432.79340839
    279.05177462  294.82373032]]]