[[[  57.27438078   76.47785133   89.3853419   150.81228074   33.11357993
   -119.61554367 -133.63965031   78.90660158   23.76617542  -94.25986869
    -88.55959219   57.66889692   80.56972117  -24.45458208    5.28780148
     49.50598787  -76.45317419]
  [   2.89301004  161.9283988   155.6546745    98.83058391 -156.14236459
   -148.44688406 -121.11800309    1.33379368    1.03369609    9.93270605
      5.25339409 -166.12023874 -310.88860288 -310.77705425  167.55415298
    318.17904213  301.24815595]
  [-109.08426807 -166.41162312 -570.04553573 -937.18774207 -167.94585414
   -553.66775153 -813.34096867  195.60324886  516.74925754  598.89243422
    729.78095226  489.91470973  165.14947139 -141.59755225  516.67631421
    189.29243169   49.06727515]]]