[[[  72.69281368   60.52293773   72.91838117  212.51235997   67.14779237
    -63.24432861   89.9669318    77.06802649   37.7745189   -95.96836895
    -95.74791396   51.59562795  104.35918636  -27.0666552    13.55465292
    -56.77327636 -165.04092352]
  [   6.70331606  159.70296718  152.00129371  123.30340248 -146.29622468
   -161.57377732 -124.84541729    6.42386293   -1.58523555   -8.52946215
     -5.22016042 -156.53809066 -276.72444947 -287.68914467  157.21729361
    281.31297915  238.7213858 ]
  [ -74.48718468 -178.34950057 -573.06918746 -887.27030108 -180.75560217
   -599.41344488 -897.62540453  210.79209651  467.30456714  587.49018714
    646.51198723  440.74609101   97.30555989 -201.26336492  441.2589875
    108.09512698  -52.25333478]]]