[[[  88.2849316    82.40376389   55.09910475  207.55177441   88.06321204
    -78.94281635   79.10871639   84.08839194   28.91731725 -101.30878797
   -109.2410863    65.82486714   91.89439149   -7.70795615    2.15870302
    -40.58918404 -177.88031698]
  [   8.82933863  164.1053656   154.1399636   124.89951701 -146.44655228
   -166.30401867 -127.58641222    7.20812521   -8.33079711  -12.42930497
    -12.08083399 -163.59792349 -275.79780998 -277.37143456  154.10833681
    290.03365384  242.82741281]
  [ -73.69950119 -171.86683672 -586.92161454 -888.37843712 -174.15435376
   -586.61088296 -893.35109621  209.51307958  464.66938259  577.16602337
    641.16757309  413.70697348   68.40408029 -227.59055047  440.3707221
    115.73425108   22.20887606]]]