[[[  85.0735696    32.19420721  -73.27543112   11.24096312  183.4016852
     35.69417786   21.52781448   83.13714227   38.93266905  -82.09159729
   -108.51875408  137.19865968  203.87130958   93.81024727  -47.52601453
   -197.08112742 -331.47040634]
  [  42.34820077  177.37103649   93.80371596  125.20629797  -92.6743041
   -199.38944502 -109.23121872   49.77136761    6.75496704  -35.34060824
    -16.39691052 -122.52400618 -222.48544263 -267.22992969  157.70944031
    249.65728889  132.21303345]
  [-128.75438267 -138.24807006 -581.51667028 -791.79357914 -139.25494928
   -578.12466129 -795.1529836   164.94504147  512.57988155  547.0100822
    697.65726906  488.14637541  167.54958257 -129.20277192  490.32834477
    202.64936889  365.67669038]]]