[[[  64.67130425  -22.18651642  -68.57713074   84.30633155  174.59154643
    125.68905591  244.72157014   53.64732891   26.60231794  -80.50908284
   -113.63098182  132.88843976  300.15217023  175.15461915  -97.05443525
   -254.25822956 -379.37085578]
  [  27.21329764  139.60957958   86.34899766  213.14124299  -85.18272958
   -143.967839     12.45584275   28.04895833  -22.34966888  -78.50069175
    -54.44402708 -120.15316029 -191.55904449 -284.19463176  110.90696538
    190.06777636   59.50715368]
  [-108.02245547 -231.28468556 -668.27827744 -941.47587132 -207.32615371
   -695.01562297 -956.43458146  178.82626917  399.44546079  550.79226853
    626.6547694   375.24250452   89.77124792 -133.91635921  378.3523754
    180.62355649  386.24662381]]]