[[[  70.54373164   -5.69765512  -83.62964987   81.86111992  163.99047069
    177.37023846  284.75894701   56.23150332   11.7755306   -84.88143582
   -130.81976867  147.52075638  283.08481488  153.47680193  -83.49736201
   -271.7978754  -361.77630204]
  [  27.76565711  139.43338723   93.87518073  227.31838979  -83.90182599
   -132.1134739    39.15146577   27.54670253  -22.78166238  -80.05218595
    -56.64003781 -123.28668225 -217.44829289 -296.74277719  110.42875789
    180.09007216   41.46150982]
  [-115.22144767 -235.41423079 -703.58692711 -966.75668357 -234.63719906
   -703.10672021 -971.6426257   178.42931681  402.01208893  554.74763495
    630.45677265  378.89836471  123.72921408  -94.28836885  380.17374261
    183.28661809  390.29774503]]]