[[[  80.60567603  -12.6751999   -96.6745171     1.38384317  194.23478949
    170.82533544  153.63975566   50.20795573   14.86692343  -34.8733345
    -82.40149285  148.95534154  260.72855624   64.73628431  -88.70868538
   -265.86548396 -308.02185137]
  [ 161.8503993   189.57613296 -229.15985674    0.83559514  134.12473654
   -299.27394448  -53.57846778  148.05140519   68.00541998  -34.74885629
     19.16036852   35.90571933  -76.51467943 -180.41650434  127.69191404
     63.45912927  -98.47773028]
  [-210.64242616 -305.33617149 -632.68388105 -716.51786396 -296.01855713
   -599.73972592 -726.98518918   98.03860565  365.84504808  499.83751381
    584.18483903  344.59109036  113.8297595   -11.4214417   311.0958213
    152.58813829  387.2883591 ]]]