[[[ 116.26084968   12.36497208 -128.80880181   44.37486633  209.93783782
    173.14630227  211.03034226   82.63178437   46.71849001  -35.163985
    -78.97580384  145.32079328  202.16682924   19.40983103  -75.57500513
   -222.97823383 -302.7272113 ]
  [ 158.16053158  199.03425308 -163.26550491   97.81036363  117.28689134
   -272.67084897   21.38701154  128.65763372   54.52380313  -39.87708662
     11.23676259    7.7756291  -207.96824033 -270.31472715  123.41178427
     77.78787501 -119.91881867]
  [-229.5924689  -335.46736292 -677.13287018 -734.88624131 -325.62512614
   -667.98035348 -744.90250743   84.43445845  346.62554874  482.59778282
    543.31008794  330.50780568  231.21061705  352.94351935  292.77770836
     77.29290816  279.51750818]]]