[[[  1.03829896e+02  -4.98734699e+00  -9.07392987e+01   5.19540181e+01
     2.30559162e+02   2.13948480e+02   2.95159863e+02   1.04940849e+02
     5.18357150e+01  -2.07930263e+01  -5.50198773e+01   1.87379384e+02
     2.76204546e+02   1.00781520e+02  -4.79329930e+01  -2.04132978e+02
    -2.80910248e+02]
  [  1.43572679e+01   1.11483069e+02   2.78739920e+01   1.37723800e+02
    -8.27684411e+01  -1.60212161e+02   2.65390163e-01   4.04702195e+01
     3.79349687e+01  -3.51024422e+01   1.17692042e+01  -6.48548958e+01
    -2.98491935e+02  -3.48498238e+02   1.51000314e+02   1.79298473e+02
    -3.33269710e+00]
  [ -1.74604973e+02  -2.76487827e+02  -6.81655381e+02  -1.04776810e+03
    -2.71441452e+02  -6.75644411e+02  -1.03829631e+03   1.33095723e+02
     4.06457323e+02   5.43851834e+02   6.37762816e+02   3.92507873e+02
     3.08516641e+02   4.56495553e+02   3.47005745e+02   1.18389043e+02
     3.24168872e+02]]]