[[[  1.00291197e+02   1.45282050e-01  -8.13194875e+01   7.23686034e+01
     2.22413949e+02   2.10188590e+02   3.13360538e+02   9.92166937e+01
     5.11248070e+01  -2.81251715e+01  -5.28841686e+01   1.55728057e+02
     2.38051485e+02   6.05203064e+01  -4.19899844e+01  -1.93922175e+02
    -2.69484870e+02]
  [  1.00756412e+01   1.11029824e+02   4.67918748e+01   1.57647295e+02
    -9.08784428e+01  -1.45466264e+02   1.16688096e+01   3.08661064e+01
     2.88534595e+01  -3.67783233e+01   6.15086700e+00  -7.81703995e+01
    -3.12963482e+02  -3.44659573e+02   1.45115582e+02   1.80154376e+02
     1.73354182e+00]
  [ -1.65981900e+02  -2.64182646e+02  -6.91046567e+02  -1.04361442e+03
    -2.59136443e+02  -6.85407227e+02  -1.03501602e+03   1.33243366e+02
     3.96445456e+02   5.29986148e+02   6.19735122e+02   3.82930787e+02
     3.06305488e+02   4.63327915e+02   3.39316282e+02   1.20962838e+02
     3.58715506e+02]]]