[[[   90.89306005   -13.50312401   -93.34230151    43.44167637
     221.08813572   208.07018028   292.22065337    96.06048645
      48.10954226   -13.28037524   -26.23655979   158.40215789
     274.27713321   101.60816369   -52.40453756  -207.85021126
    -242.33328241]
  [    8.77751884    95.92422998    18.36746807   139.50168744
     -78.36909572  -141.71051036    26.53091265    40.33360153
      44.07657587   -29.28798797    22.25566594   -48.8638868
    -276.62433766  -325.89447731   144.8949491    144.84854207
     -39.1853576 ]
  [ -175.31889851  -275.48019819  -680.90043395 -1042.84939523
    -270.91396802  -703.06612837 -1041.95751168   127.65534368
     401.69677559   539.58531083   630.87455101   387.83284774
     309.31608258   473.51484395   343.01752497   119.62848229
     364.9788702 ]]]