[[[  -2.31166131 -118.19096006  163.40694157  326.57462584   92.32295289
    393.20830871  367.97292894  -47.38239595   -6.65922719   51.5716247
      5.6706385   112.41951553  185.68241532  174.68469136 -126.44778307
   -200.48647694 -118.99576701]
  [ 114.40066717   18.16044539 -318.82648299 -321.22502552  210.64090924
   -124.82685303 -284.97113839  170.88982877  134.00295219   53.4510142
     99.61974741  234.84470096  282.15826464  185.75749453   35.07740114
    -16.35720283  -86.63470912]
  [-193.14245201 -268.56593447  -25.5641921  -302.50314255 -248.55341008
    -23.36970452 -304.62095505   39.35275792  286.63278974  378.3513371
    480.15196646  265.44194391  -33.24919525 -257.54541568  265.21439096
    -35.14277914 -285.17010108]]]