[[[   93.04133666   -11.56934352   -95.73675532    58.71598217
     213.9741593    200.32575838   297.16346568    97.39486634
      72.20382219   -28.62119623   -62.50820073   149.23359156
     243.63368998    67.19957768   -50.46540829  -170.59252176
    -244.8651022 ]
  [    2.31903667   103.34926037    32.46113948   137.57933505
     -98.71109171  -156.28021072    -3.96115736    32.19643033
      38.03645234   -27.61747139    17.6584752    -70.30248142
    -302.22924049  -331.73229827   154.30583713   190.82512304
      12.12266218]
  [ -173.17413539  -276.15958529  -707.60558688 -1053.20845526
    -270.0082763   -673.62139302 -1035.43951391   131.03794826
     398.41458749   538.70637246   625.91485498   409.32630844
     314.34804243   469.54346606   339.4232612    114.78389583
     356.46772781]]]