[[[ 109.34679304   15.58781936 -102.10074056   22.54268508  211.74063582
    182.30905813  177.43851165   84.31651859   33.57458803  -10.63417806
    -58.20857614  135.53992924  250.31172406   70.92333239  -61.43547753
   -162.9288262  -194.07841048]
  [ 154.63651992  183.06909153 -225.94842934   -2.3180045   126.20400662
   -295.48434815  -61.78887421  147.85129716   78.20498609  -19.9657394
     37.05492377   44.47404455 -128.44001956 -209.35267452  131.33406573
     65.81671093 -112.87231265]
  [-210.28785777 -266.45828545 -610.37754462 -786.20686408 -277.69971897
   -573.15844903 -782.28124681   96.89970742  365.78012244  494.25431177
    618.63369567  348.19807934  207.64762723  301.20458248  307.43231711
     70.67792515  283.15607004]]]