[[[  1.13972184e+02   3.31929707e+01  -8.95377215e+01   8.38739201e+01
     2.21049720e+02   2.03450398e+02   3.19387266e+02   1.05082119e+02
     4.37854054e+01  -4.40835929e+01  -6.51013296e+01   1.45437320e+02
     1.94929565e+02   9.97492828e+00  -4.46635796e+01  -1.64545351e+02
    -2.83067832e+02]
  [  1.52012919e+01   1.30588478e+02   6.45429570e+01   1.57241617e+02
    -1.00185812e+02  -1.56784005e+02  -1.29521820e+01   2.79792349e+01
     2.08921851e+01  -3.70019064e+01  -7.11908936e-01  -1.01127574e+02
    -3.39348697e+02  -3.51217808e+02   1.51718036e+02   2.15080979e+02
     4.25802567e+01]
  [ -1.61237091e+02  -2.56562889e+02  -6.86435046e+02  -1.03215920e+03
    -2.50697816e+02  -6.53047391e+02  -1.01638233e+03   1.36971944e+02
     3.83745498e+02   5.24884613e+02   6.39065977e+02   3.70034155e+02
     2.93620789e+02   4.43789857e+02   3.30711445e+02   1.03667606e+02
     3.37366077e+02]]]