[[[  1.12837853e+02   3.20203966e+01  -8.83919716e+01   8.35665215e+01
     2.17476968e+02   1.98816901e+02   3.14003743e+02   1.04990745e+02
     4.26620539e+01  -4.52087083e+01  -6.42157380e+01   1.43179240e+02
     1.96392179e+02   1.30975371e+01  -4.44266912e+01  -1.60219823e+02
    -2.76901338e+02]
  [  1.43960441e+01   1.29831814e+02   6.33682364e+01   1.53854559e+02
    -1.01039648e+02  -1.59169107e+02  -1.63248267e+01   2.82781315e+01
     2.25027252e+01  -3.61820763e+01   7.64150567e-01  -9.95315678e+01
    -3.35209710e+02  -3.48654858e+02   1.52802723e+02   2.14955032e+02
     4.30606868e+01]
  [ -1.60879458e+02  -2.60024417e+02  -6.83447797e+02  -1.03258618e+03
    -2.54055014e+02  -6.50450355e+02  -1.01645941e+03   1.38748875e+02
     4.00570792e+02   5.29116710e+02   6.23866419e+02   3.87015012e+02
     2.95887968e+02   4.41890628e+02   3.42668317e+02   9.19966789e+01
     3.17264626e+02]]]