[[[ 102.12239662    5.15819969 -119.77924914    9.87002342  187.47334641
    149.43991892  156.02116112   68.43926054   17.57786838  -32.83590166
    -69.93348771  111.96078294  198.92545914   12.03922809  -71.32475821
   -171.481071   -238.01700955]
  [ 178.13344607  221.72105895 -128.97066623  103.31653839  134.54591794
   -231.48208498   43.02227816  124.58287737    7.74093194  -84.02297412
    -45.20439906  -26.35254064 -128.4031149  -232.84207445   78.58264935
     55.03423491 -127.34879768]
  [-151.95177385 -217.05805247 -548.71582066 -684.57081778 -215.90004385
   -548.23033242 -693.51966723  116.80710453  354.54866351  449.83795121
    549.32563435  330.11612436  -44.87168135  142.66193517  306.81569184
     76.47592661  279.35085789]]]