[[[  2.02986023e+02   8.98921891e+01  -4.19376511e+01   2.54916094e+02
     2.58328684e+02   2.04964168e+02   3.77889210e+02   1.30636291e+02
     4.31744089e+01  -6.83220874e+01  -6.16642410e+01   4.66121505e+01
     1.90592869e+00  -1.59599607e+02  -2.98343472e+01  -1.27541441e+02
    -2.24301714e+02]
  [  8.22556055e+04   8.23085887e+04   8.20903673e+04   8.23390302e+04
     8.22026224e+04   8.19245861e+04   8.22149809e+04   8.22123905e+04
     8.21669351e+04   8.20990726e+04   8.21471073e+04   8.20913992e+04
     8.18252915e+04   8.18847946e+04   8.22411469e+04   8.22063472e+04
     8.20203439e+04]
  [ -2.28712253e+02  -3.61163009e+02  -7.49767159e+02  -7.40779323e+02
    -3.19722026e+02  -7.29580156e+02  -7.44764349e+02   9.02580581e+01
     3.02347462e+02   4.80558278e+02   5.62058128e+02   4.38837910e+02
     4.21252439e+02   4.45837445e+02   2.36764591e+02  -5.55946565e+00
     2.07101521e+02]]]