[[[  2.38519029e+02   1.37210117e+02  -3.90932219e+01   3.11436654e+02
     2.71208621e+02   2.04134869e+02   4.25555756e+02   1.52553285e+02
     4.85402625e+01  -7.00770943e+01  -5.98704141e+01   4.59076598e+01
    -4.69158699e+01  -2.07859883e+02   7.11082075e+00  -1.26271064e+02
    -2.34103270e+02]
  [  1.11994093e+05   1.12063069e+05   1.11897018e+05   1.12089054e+05
     1.11925116e+05   1.11683468e+05   1.11944687e+05   1.11954828e+05
     1.11922329e+05   1.11867075e+05   1.11909764e+05   1.11833852e+05
     1.11580961e+05   1.11676575e+05   1.12005189e+05   1.11984602e+05
     1.11795940e+05]
  [ -2.32047962e+02  -3.57164344e+02  -7.50889908e+02  -7.48483055e+02
    -3.40786350e+02  -7.32949300e+02  -7.47982060e+02   9.13957834e+01
     3.16839126e+02   4.82599709e+02   5.57531454e+02   4.31698795e+02
     4.12114103e+02   4.29210033e+02   2.51839803e+02   8.48567501e+00
     2.26822908e+02]]]