[[[ 187.74514939   80.93792127  -64.54152344   91.7199446   270.70297394
    188.08793581  248.01855022  131.31907202   40.48684944  -33.24834134
    -85.63805894  157.21276761  211.76807332   11.64409388  -47.87036588
   -151.88971288 -230.27601983]
  [ 174.65575405  233.74129902  -95.22935355  122.3798346   115.57036689
   -239.07265229   14.28125111  112.21082825   -5.63000428  -95.8433686
    -59.81006198  -62.94003099 -221.79510973 -272.97973552   83.52509247
     76.22359254 -119.55548927]
  [-164.86535577 -216.85388242 -542.01917817 -796.48911246 -209.22453809
   -506.49149943 -796.58981236  127.70890828  391.79275308  467.84663601
    572.45028342  363.9342948   173.45721573  216.19825996  340.02624113
     73.37090551  257.26223489]]]