[[[ 193.2480274    93.55059302  -92.71186143  124.06967531  281.23275125
    199.5246733   286.2571399   119.72156166    6.04336193  -72.0419594
    -99.75800299  105.60045633  158.55625572  -42.1988617  -106.57864854
   -151.53910466 -235.36421861]
  [ 179.69364562  241.89023527  -46.25281195  189.02811505  117.49719626
   -214.30266537   66.69614132  100.42188506  -24.10735119 -112.86528488
    -80.94423387  -84.56074546 -255.6971875  -283.97972832   67.75912214
     66.74713621 -129.76740311]
  [-164.1632918  -240.73723978 -582.56377565 -766.26000954 -231.35912472
   -543.23883271 -759.05996615  128.42221232  359.30234049  458.51894668
    520.82334057  393.01721044  193.51350058  255.89858032  350.47381182
     26.64569168  203.76600045]]]