[[[ 229.23891184  129.79673295 -106.09495466  139.73204119  321.43180499
     16.97772092  139.43804599  162.97330592   56.94015584  -69.74910122
    -94.03662543  125.48223682  108.53594197 -100.18227856  -27.4635884
   -140.6827357  -265.37302681]
  [  88.67409232  184.4268052   -48.47043495   65.3303758    -7.07842305
   -271.25043109  -90.05886744   86.67741882   46.44650043  -11.91486574
     30.64186209  -63.46561099 -286.4230846  -242.92443756  160.41508309
    170.91793913  -30.90688927]
  [-238.85949928 -357.73120318 -721.33751901 -770.11460892 -309.92616565
   -282.44452112 -619.95206931   74.81970514  353.61291865  465.49322302
    538.36335829  373.70939422  227.98330797  315.50008365  264.14793112
    -18.16772957  201.86798725]]]