[[[ 155.7250019    66.9837591  -109.93032375   72.42953763  233.12121864
    187.33333691  243.24885416  108.58469733   33.18300163  -33.75974023
    -68.69052682  134.22000177  203.27063993    1.41668812  -57.92653662
   -169.42290425 -248.87102698]
  [ 165.74361841  214.67923015 -119.26102524  123.58109205  116.80812172
   -248.03335797   25.08750058  117.76357038   20.94023408  -68.92637701
    -27.58170961  -29.82589486 -215.80342433 -268.93525949   98.27644456
     67.12107018 -130.6998382 ]
  [-187.91969771 -270.11595744 -616.23013816 -784.08938215 -236.85835835
   -577.28737563 -781.89070073  110.12550841  368.37824349  468.64724314
    557.91817427  352.03480591  207.698772    296.46798797  314.54410815
     73.66509907  297.07307286]]]