[[[ 149.17523844   40.56211859 -100.1864007    73.68222987  248.72933028
    180.52277914  248.22116816  103.89901132   35.755342    -27.81719906
    -59.81126665  130.77811429  195.93057478  -19.92140221  -50.37440427
   -194.75715748 -231.21845554]
  [ 163.72062981  211.09902837 -106.7268582   153.46378171  116.34235036
   -231.69537593   57.19574111  111.62547401   18.33899267  -65.86879961
    -26.10313376  -29.79456283 -234.41028169 -269.64605691   92.55009297
     39.18083852 -152.46042786]
  [-192.73971106 -264.77586705 -621.12213497 -791.63062255 -256.6904538
   -613.40307261 -800.26439798   99.33438206  345.47572452  446.26690051
    498.76806469  350.41479224  222.59306887  343.50468342  291.37464089
    125.19398557  408.66067217]]]