[[[ 173.98788865   73.76191464 -110.6945767   100.00903417  263.40610228
    221.76577901  292.67433219  110.77495476   26.25308672  -50.464659
   -106.31462049  125.79360117  176.15074935  -44.7907228   -62.50310779
   -209.85521848 -221.61296073]
  [ 180.77099831  236.10515503  -57.64713017  205.44939249  125.43697705
   -212.92269456   92.82729784  105.40236246  -11.97977536  -98.03236126
    -64.93732106  -65.42181233 -267.87849944 -291.53791744   71.69595069
     34.32821047 -162.74489906]
  [-183.28527475 -256.59086802 -604.88912354 -785.1227892  -249.1681554
   -597.23799372 -789.4291195   109.9463846   349.78509866  441.49313631
    511.94873892  333.18143614  214.72132917  319.61760327  298.88803418
    119.72765391  357.90762207]]]