[[[ 179.63296859   78.90713187 -116.78544115  145.92853871  266.58838801
    225.63568704  317.46679161   95.30607775  -25.19199656 -100.05999428
   -137.40200708   71.71043307    6.84003607 -156.70005814 -110.12662394
   -139.85058211 -120.32502545]
  [ 183.65301136  233.66817477  -28.26672113  225.30417755  133.63797183
   -182.17095746  112.25868216   98.17638061  -25.63609692 -107.42645517
    -73.24427306  -83.17998237 -271.23719024 -246.17493059   51.6023693
     13.67574526 -161.83475317]
  [-147.74202655 -239.54301302 -647.6204489  -760.70335454 -201.66266789
   -571.55114357 -733.22217984  133.89053899  362.40053434  448.28233883
    528.39774439  373.76431113  209.07509804  302.19035668  305.77863567
      7.28858402  170.65445459]]]