[[[ 219.54187222  116.97054638 -124.93611044  103.96305232  317.77839708
     16.34175593  108.8187459   145.8720625     3.45988151  -97.74987809
   -121.37980406  140.80731309   71.59562347  -94.53309763  -85.77394571
   -113.98774326 -204.53415833]
  [ 108.64907975  204.6293496   -39.50976579   59.86937358   12.66893903
   -259.96073017  -79.58852737   92.88116802   33.75826546  -31.0536471
      9.45734549  -74.17992188 -250.83731081 -218.46437074  149.42418171
    162.35134616  -20.57932486]
  [-193.75033108 -296.54322537 -671.57806927 -703.86706927 -277.46560571
   -239.69571561 -550.06273451   97.01916968  365.22989519  457.27543833
    526.26723089  352.51726835  134.30311326  221.10918268  301.42442619
   -104.37501094   27.85607927]]]