[[[ 209.66003128   93.9697184  -114.6998195   143.7441384   292.20098518
    240.97829195  300.34013533  118.8059372   -18.36159002 -112.24278002
   -168.8967072    85.0668565    88.22992891 -141.21553486 -106.87591659
    -91.08924088 -159.30697226]
  [ 180.08088204  245.30981161  -22.85839283  168.84881719  114.85214011
   -216.18007591   50.92816368   97.78048735  -34.90652943 -122.51279601
    -92.10286246 -106.04299205 -233.63895153 -250.08406415   61.8791862
     80.41967121 -111.55383932]
  [-133.16951284 -223.22104523 -554.38506074 -674.4176277  -210.48868849
   -477.19209934 -649.90912284  145.94693865  393.85174621  460.03165345
    535.77440289  404.65855077  124.20005161   90.0507403   330.10925572
    -80.31189167    0.88253651]]]