[[[ 207.93676025   85.30713699 -121.3594253   142.44071742  318.17624134
    280.85678496  332.20435249  114.20714758  -26.51144202 -105.6019664
   -146.93052338   78.81899206   80.28607206 -154.46512967 -117.96854437
   -105.98764595 -170.22251708]
  [ 202.46905856  260.78532913   -7.57693405  202.77424731  144.15294772
   -191.2632517    85.76710342  101.45171315  -47.60345629 -137.72824272
   -111.77934406 -111.91287405 -252.34024241 -272.35484936   43.92211136
     52.27320564 -143.59489248]
  [-109.21935366 -189.94675839 -525.77445425 -656.62237821 -176.7415988
   -480.25637105 -643.48749059  151.95410872  386.56047394  434.06424554
    504.67288771  373.33310745  124.03653302   92.13086687  302.91552578
    -82.70277686   -5.36042829]]]