[[[  14.98620075  -84.70550271  213.51014623  384.15914215   96.45937153
    427.0090119   422.31360257  -41.35220349   -6.52132911   54.6436018
      5.49104946  110.63143621  182.734253    173.42257454 -124.36643178
   -202.61281027 -150.53261172]
  [ 107.37471263    3.42812611 -313.00523665 -315.4828908   211.32128919
   -107.0653591  -276.13543553  167.10195713  138.69350046   62.19032766
    106.54669713  246.43210343  304.84149711  223.33612568   33.03749195
    -22.00856616  -89.88185936]
  [-197.53986304 -262.27049448  -23.0203073  -295.13807096 -261.61109701
    -19.95506205 -298.02221854   34.95963845  273.12972431  377.09467221
    486.71510639  272.69821815  -22.98072861 -273.87293738  251.7530579
    -24.37287857 -273.84631922]]]