[[[ 239.19480028  125.73497414 -137.23719211  122.43701566  367.93674669
     27.17815082  144.50103965  144.11789324   -8.37483633 -126.2311574
   -148.42898964  100.01863126  100.08869934 -159.64742079  -99.98678178
   -140.10383099 -242.80655246]
  [ 110.93154957  219.02431627   11.18434431  104.38491416    2.83898859
   -257.67668893  -58.85686264   85.10005851    6.04808526  -49.18623991
    -23.03904231 -109.06890924 -256.96837216 -223.90111692  138.33768394
    188.91828929    2.93633013]
  [-187.561634   -297.9838322  -663.36513199 -688.98605635 -281.15011929
   -240.04365607 -540.1647869   103.53555476  336.45110053  445.59488047
    502.5502496   379.20566809   78.4158847    29.58966246  275.61727022
     25.39705995  126.5697773 ]]]