[[[ 217.36079404  103.16915973 -157.02481867   93.46138371  361.47276495
     38.26025634  127.36076855  132.15153008  -17.66546294 -115.43001485
   -122.22272182   98.59770511  141.26835894 -125.16923532 -118.71313846
   -163.71261165 -238.23998754]
  [ 132.92079523  231.25165309  -23.17990684   91.71298169   34.59011294
   -261.51341911  -58.89017929  104.99437337   12.19268206  -55.59020032
    -23.72078097  -92.50632088 -242.16609106 -228.80709002  138.29925166
    173.41883092  -19.62690324]
  [-200.1799559  -326.36851069 -656.45750413 -690.11783524 -277.957543
   -239.49451026 -543.17124021   96.3503312   327.03504     451.36423931
    528.65500634  371.12275986   62.81888168   49.77208903  264.91056718
     41.43913415  143.57567403]]]