[[[ 192.87768151   64.29597434 -158.71277297  107.25174619  315.28289808
    275.2434612   313.61278667  100.42338093  -43.30792074 -110.34248296
   -138.18535775  102.42103186   69.50107095 -151.52302482 -144.90734232
   -190.10801805 -202.93363733]
  [ 216.13771055  280.35990619   -3.77054771  225.02664506  151.91567115
   -201.20942858   99.62776012  116.24652795  -43.01924237 -135.57035297
   -108.46336285 -110.7185653  -270.6969649  -280.68688103   55.18776783
     46.37968492 -142.63045543]
  [-152.64331833 -251.62490318 -578.34110393 -722.23545284 -213.81036987
   -498.51638122 -693.4806782   138.82774181  349.69579546  456.01913009
    560.30592144  386.36475192   97.3978706    92.43137849  293.30124188
     83.82715653  154.88261429]]]