[[[ 176.67742669   53.19857074 -161.07748658   92.67019529  303.66114551
    268.61015257  296.12132601   92.08726271  -45.33649959 -103.90686536
   -137.82013311  100.09233503  106.18687971 -147.542023   -147.3993514
   -192.57359006 -190.03232267]
  [ 219.29581696  276.67704983  -23.25292119  215.83200787  161.91473271
   -199.22945283   98.5617527   122.88689871  -33.01650555 -128.69052864
    -98.94777822  -94.76854058 -263.1716506  -281.33451077   58.61972627
     37.69620368 -155.90121568]
  [-157.93439108 -258.63130254 -579.86358505 -723.8977033  -219.52778193
   -499.65096468 -697.43787552  132.92249928  364.0296725   452.80095757
    544.99591821  374.08067512  122.61747826  122.40329979  279.69525038
     74.04814351  166.84466393]]]