[[[ 183.88006151   77.45342303 -167.58212719   37.68651441  296.02315241
      7.89025193   64.44322686  123.02505295   17.6447518   -89.87764562
    -76.91831284  129.93226568  129.95192444 -126.07531044 -118.35655938
   -162.07320756 -223.87131945]
  [ 133.17793938  224.63748083  -68.73947078   41.22896245   41.71858027
   -278.37275549  -93.15945162  121.32010331   40.63221189  -30.65720844
     11.19380726  -62.07816152 -202.10123692 -202.20533419  156.77790342
    163.00322232  -29.9970888 ]
  [-197.26375595 -315.97410899 -664.95473753 -689.93756716 -264.01431013
   -242.49740816 -545.55379641   98.15876903  347.25303512  476.59284127
    579.89209715  363.39237696   49.59142339    0.89186417  285.40937175
      0.82298573  125.61042348]]]