[[[ 124.26206936   17.84234061 -166.80726206    4.20354837  230.31420898
    194.80123675  193.33704199   74.77304666  -11.21165591  -57.75571273
    -59.24017842  123.51048715  166.05837739  -46.43188612 -144.01934461
   -144.84330617 -159.97301775]
  [ 206.10727566  251.07530668 -109.57724328   97.20506679  161.13931656
   -232.05433857   12.35184296  132.55280775   -9.03322148 -113.35539824
    -78.31757534  -54.28117483 -146.96874774 -206.96216434   64.53280842
     63.4066677  -100.02026303]
  [-116.38472998 -197.66919034 -563.42312007 -687.80392994 -164.70230541
   -493.85623881 -668.80275511  157.1516597   380.66591587  481.40797403
    602.69514076  384.67447674   66.67872926  -51.63692996  322.43214828
     55.25225219  -13.88272898]]]