[[[ 140.35139732   21.71551707 -168.30379033   -3.48293977  225.92987929
    176.50471733  179.3695005    91.47172419   16.16945833  -61.93880456
    -59.34051273  117.24833891  155.52618649  -44.61030931 -109.9013192
   -134.48262689 -196.45553913]
  [ 189.98208797  248.39732201  -94.40923152   72.24782742  131.56692693
   -252.65876463  -23.73831606  125.25925069   -5.31732737 -108.28557973
    -75.06014725  -65.87822237 -154.32919162 -212.4061857    80.25263576
    114.53028312  -52.72076122]
  [-118.46150315 -188.62675072 -531.07807509 -670.65177015 -183.28031918
   -467.00044811 -653.18014808  161.11676468  397.35406545  495.55163238
    612.18982206  399.11319594   88.79093042  -84.70049504  369.2213229
     50.28107935 -154.17608315]]]