[[[  80.43158001  -20.72565674 -151.09641015  -23.88226558  182.89198343
    146.9799814   184.66007658   68.95572804   -6.36188598  -78.87739369
    -55.67749469  126.33896025  219.7887797    85.90642725 -132.95241387
   -152.54732125 -242.54494947]
  [  54.7465803   157.62195832   30.545412    108.13710874  -48.1288351
   -168.09007628  -29.61139021   54.81266283   -6.93510399  -85.53735143
    -56.71666113 -106.25320771 -183.41719572 -256.84120084  116.71037509
    226.49933167  117.09124986]
  [ -76.16945068 -186.70116435 -536.33758491 -841.98023046 -159.1904804
   -478.97453686 -819.86501983  208.39677009  436.3151372   576.66200202
    692.01906532  435.04606643   88.56435476 -142.76965097  406.92113518
     75.11098378 -256.29511779]]]