[[[  31.40388648  -75.18132984 -161.65769163  -53.04011643  131.92009527
     98.09779141  118.11773718   38.87819484  -11.37608911  -73.29142511
    -57.47918743  123.65120146  262.93795467  246.45243054 -141.23251671
   -164.65554551 -251.47711316]
  [  30.18838304  122.93174014   -8.22987251   71.00275608  -62.55495144
   -185.48116502  -58.27900122   52.14605635    3.68693921  -77.16305508
    -41.74555488  -79.26802278 -101.47308583 -201.7964946   116.97579808
    240.80825056  160.41201292]
  [ -93.56158085 -206.42663877 -553.31501715 -854.80347468 -204.48357316
   -497.65736039 -833.8729989   203.21650813  475.30276004  601.87202077
    704.54925855  449.04066905  103.40460427 -233.89719893  418.75162394
    126.72309766 -198.79633275]]]