[[[  10.86075254  -92.12300681  156.38525896  322.45602274   95.94195189
    394.73959738  364.16464972  -37.86542355   -9.40035736   44.48094323
      1.34284039  110.64124015  210.66054552  202.23461402 -130.02252324
   -232.93742339 -156.33788184]
  [ 106.115389     16.06142091 -335.47471378 -357.84329027  196.16936796
   -154.00239917 -321.61260289  175.6947673   148.27577248   65.01336299
    114.05253466  240.93116194  288.34657564  188.89990718   57.18529679
      9.33326784  -76.37799138]
  [-199.41830027 -264.53863436  -21.53945476 -295.83768494 -264.67795836
    -19.44036041 -297.47459107   32.15013899  282.55053559  375.1696912
    473.53548862  261.67142764  -28.70323788 -247.55685041  261.42190774
    -30.63841989 -275.85227388]]]