[[[  -4.49129505 -112.34784023 -224.52554044 -113.2121689    95.16482871
     62.40159693   85.06334752   20.63947778   -9.3743874   -58.87618576
    -46.20388425  130.67911204  308.30526433  366.23514667 -135.52536923
   -191.97790233 -242.83102477]
  [   7.21468586   96.60533706  -34.86832596   52.89879957  -82.17595865
   -195.48990883  -64.17628502   47.23717756   19.95206224  -64.17875823
    -23.85647764  -52.74605249  -67.79117135 -183.27263203  125.24152776
    253.75436896  184.37180757]
  [ -94.01140762 -181.45316244 -580.19105208 -882.35131047 -204.95293814
   -580.61020124 -879.2510989   201.00710948  463.37941037  607.65644693
    711.96459603  437.33941917  131.75455821 -161.89533687  412.99966497
    125.38646459 -163.15269292]]]