[[[  -9.7426701  -142.82161716 -225.33476358 -123.65252752   98.57789314
     65.37123308   65.77575187   18.42748522   -6.23298828  -51.05269246
    -41.4299816   136.31019248  313.30377826  372.23478376 -135.97558626
   -192.53234679 -241.47059701]
  [   3.22924531   84.09438546  -65.9578713    19.54068557  -77.63589066
   -213.11219046  -91.19525054   56.44298776   36.23106962  -52.45177936
     -6.09335458  -29.30289481  -35.88305983 -156.87300375  132.42063655
    251.04603135  169.43789823]
  [-105.16865415 -209.69241564 -580.21857123 -880.22502961 -209.83991163
   -553.1527262  -868.49193097  195.15247416  466.52450275  617.19036198
    718.19764445  440.20718571  130.6769224  -162.15532436  437.48376263
     96.93826212 -166.52118253]]]