[[[   3.19786959 -123.32966244 -206.93461335 -104.60446538  112.26564812
     79.9421773    87.78441709   29.11677001    6.82027855  -52.76533505
    -29.20310592  118.40990706  285.56216789  305.79003575 -119.15739267
   -172.72254966 -257.44289062]
  [  10.58230765   96.2663509   -46.05110261   33.27379084  -75.10172119
   -200.76985082  -71.38761815   54.92021586   28.68666685  -56.41609272
    -12.93002743  -46.77799191  -70.56956002 -183.90429715  131.41143223
    250.2576676   168.35388794]
  [-103.83727089 -201.83536687 -566.40392189 -870.12733661 -224.18693158
   -539.99490784 -857.84501166  196.86094434  469.21907861  616.18082013
    718.49098062  442.72600041  133.30760456 -185.13900528  440.14732706
    101.96146166 -188.77551369]]]