[[[  16.34197758 -107.5229371  -223.44838085 -109.61780154  133.16036969
    100.964719    105.49293514   31.94235403   -4.14232634  -56.16650321
    -46.30459125  132.7651588   301.12837042  286.79610913 -137.25782601
   -195.51174381 -240.62692167]
  [  26.14449487  106.72523234  -57.57624795   31.16813364  -54.43622269
   -203.01457906  -69.01755975   64.51692536   27.76217441  -62.28647252
    -20.08341168  -41.02782986  -61.54499526 -167.50726161  125.84565823
    228.77169178  128.42745899]
  [ -99.95364673 -202.79279856 -568.10331926 -871.38002743 -201.38661506
   -540.66803556 -860.14454197  198.27206886  465.67136472  606.08616922
    713.50992388  439.86836101  130.45136028 -186.89727338  413.41891912
     98.22838094 -158.50811988]]]