[[[   8.79327188 -125.89493061 -191.15264826 -101.16380307  136.76657515
    155.61014626  131.53486341    7.63824324   -7.35783699  -31.562944
    -47.00049233  166.95388428  338.24838366  256.77851554 -156.56099622
   -272.71302553 -253.67757496]
  [  16.55568392   49.01316723 -137.23076372    7.26653048  -15.90177319
   -196.11360596  -52.37926034   92.31491383   93.30693588   -5.49052587
     60.88570611   70.86237162   56.65163277  -84.31211678  130.14832676
     36.1898042  -122.24547895]
  [-160.09691117 -275.62494624 -654.20543954 -918.2214867  -275.27703718
   -626.02490323 -918.71350208  147.12494356  428.24350088  595.55823288
    688.85401507  401.20564621  110.49072073 -169.97130199  373.13628902
    114.56885929  376.50605718]]]