[[[   3.21386634 -127.51711991 -186.72679672 -115.93809527  142.11605734
    164.0046222   127.85036061   -5.23598232  -10.78265129  -24.53728609
    -46.95993729  140.16586728  305.141803    261.10254998 -161.30031844
   -268.94825742 -210.29581874]
  [  15.85075266   25.93518642 -133.97847837   32.02338549    5.76630327
   -151.39804857    4.46226798   84.80820761   80.20369017  -22.05692734
     43.34913896   82.12857017   79.545773    -68.40568767   92.53811492
    -12.05474754 -159.17735032]
  [-151.08167414 -272.64193696 -664.0828753  -936.34037376 -272.62256909
   -663.61515479 -944.56484626  158.93379328  438.32118215  607.9367216
    676.98929803  435.17062112  118.20095968 -133.84771852  411.35692948
    115.72952868  307.16580583]]]