[[[  1.28160569e+01  -1.09143815e+02  -1.57482345e+02  -5.86068775e+01
     1.15459208e+02   5.80114536e+01   1.27332994e+02   3.74586090e+01
     1.70014510e+01  -3.26006762e+01   7.73789849e+00   1.48079415e+02
     2.32554652e+02   7.25479055e+01  -1.05220654e+02  -1.86939562e+02
    -9.26056076e+01]
  [  2.10290457e+01   1.06062058e+02   6.13059603e-01   1.08649836e+02
    -6.40039710e+01  -1.50724669e+02  -8.44125763e+00   4.81753587e+01
     1.65829597e+01  -6.20502858e+01  -2.01280141e+01  -6.16033321e+01
    -1.16041611e+02  -1.64558210e+02   1.12281610e+02   1.71632487e+02
     3.76923684e+01]
  [ -6.25324244e+01  -1.35528433e+02  -5.92281322e+02  -8.79572045e+02
    -1.36954232e+02  -6.19470227e+02  -8.85630781e+02   2.06239833e+02
     4.38544312e+02   5.84873965e+02   6.78855896e+02   4.10453232e+02
     7.80199713e+01  -1.02539319e+02   4.11783750e+02   8.02980204e+01
    -1.04663430e+02]]]