[[[  13.88024602  -89.48738179  161.069872    326.83235897   95.76734417
    397.4452432   369.54212592  -35.93791535   -9.99274774   44.30178603
      1.00380481  108.56832502  210.40272846  230.37939757 -129.03592012
   -233.29102795 -184.3145231 ]
  [ 105.2557611    14.35979825 -335.08350151 -356.02640947  196.15174432
   -152.18380511 -319.58294538  174.52181441  144.7840648    62.24315109
    109.48385662  238.84974041  291.5781459   199.95439661   54.72145871
     16.79255742  -78.75421769]
  [-202.95362943 -268.92148558  -23.4900912  -293.09055996 -267.99138004
    -15.60337326 -291.73807139   30.64015377  273.21391774  375.17485328
    481.20733608  272.74897361  -10.10336719 -218.9318405   251.34102469
    -39.52247583 -307.91885271]]]