[[[  -2.16773141 -141.23587986 -160.55336684 -130.38197117  132.15205281
    196.84584079  129.489584    -21.45969763  -26.19029737  -16.5801964
    -59.03482999  155.81633567  297.70270351  297.81983132 -179.75839474
   -287.62221855 -225.94177674]
  [  16.46353078   -6.64952861 -146.64170495   29.75276272   39.57652209
   -105.53293326   44.69504716   76.42315339   69.15065336  -34.96176398
     27.18021445  104.8326841   129.28524819  -15.44846212   49.42420213
    -75.77250899 -206.88509433]
  [-145.20070643 -276.3745672  -679.96109163 -957.93714731 -251.80698723
   -679.19208336 -965.61255275  166.79057619  443.27247939  613.86222849
    685.1674717   415.97545581  148.29314124 -138.80780646  416.76176584
    146.08465554  275.72388079]]]