[[[  -1.01718152 -125.05481382 -140.15522043 -146.91977879  140.63897839
    182.51630618  100.82183248  -33.14665533  -48.80831183  -12.19527457
    -49.74624408  128.31170745  268.41206182  313.80120812 -198.83393832
   -268.68293939 -202.39879404]
  [   1.22554053  -49.55789253 -148.14845524   27.88744964   52.00886227
    -55.7947283    87.14240361   60.90193386   65.37698013  -32.433123
     28.68052192  128.57927668  176.42519225   33.92214052   15.02110117
   -145.03758203 -265.78473209]
  [-145.45208488 -266.30817721 -701.3916435  -972.93531625 -266.33325726
   -701.29255996 -981.38536278  163.87471411  451.09093508  613.12690155
    668.19244877  423.72627541  133.81528054 -115.57299184  401.23261664
    162.45891056  329.1159464 ]]]