[[[ -11.18427402 -141.39575679 -161.04041417 -171.32688048  123.51138312
    163.28286842   78.5015238   -34.3013647   -28.79295098   -2.8888673
    -28.26976129  117.71054207  259.05373504  297.32845126 -178.69440808
   -245.75521723 -176.93847133]
  [   8.79636348  -38.53141311 -128.13295606   57.64500782   56.12402231
    -39.80367042  115.88278737   57.38774131   52.93444274  -43.84134885
     14.67394547  114.37348754  158.28279023   13.72106691    5.13305663
   -159.17053315 -275.38506258]
  [-139.28131292 -272.34401337 -686.23288765 -959.08335519 -248.60625339
   -715.30661993 -978.7884628   165.17160327  444.30822568  600.83325863
    660.38993458  416.50173073  123.04932004 -127.41402924  395.85209532
    158.14530497  365.83298402]]]