[[[ -1.67990757e+01  -1.56878054e+02  -1.39559011e+02  -1.50597141e+02
     1.10292596e+02   1.48191676e+02   7.51012881e+01  -3.31918445e+01
    -1.08007402e+01  -1.09540946e-01  -3.89701674e+01   1.37334859e+02
     2.80567275e+02   3.18896690e+02  -1.91017459e+02  -2.61389604e+02
    -1.96668063e+02]
  [  2.25281535e+01  -2.21499217e+01  -1.42280499e+02   3.40144388e+01
     6.72061534e+01  -5.25280169e+01   1.00729598e+02   6.57038094e+01
     4.67217430e+01  -5.20363799e+01   6.95545716e+00   1.06716228e+02
     1.48247096e+02   2.95399949e+00   5.06978846e+00  -1.19663073e+02
    -2.41244977e+02]
  [ -1.30389507e+02  -2.56764666e+02  -6.63019488e+02  -9.56135110e+02
    -2.33379344e+02  -6.91408705e+02  -9.72388057e+02   1.77427752e+02
     4.54544650e+02   6.15572996e+02   6.94667585e+02   4.26790311e+02
     1.33394494e+02  -1.15359000e+02   4.03862065e+02   1.26278573e+02
     2.16829575e+02]]]