[[[ -16.0618579  -145.77861242 -124.67985548 -141.9979536   113.89698106
    156.71091871   74.55691186  -34.56680111  -35.14899616   10.44393569
    -29.99586147  138.04992475  246.6947656   291.12956232 -181.46416148
   -245.97765603 -183.43700935]
  [  27.40692772  -33.60826657 -151.52128901   12.61972643   88.42208805
    -36.38940478   99.40323644   62.3494046    26.67662141  -67.38758392
    -16.48710401  104.07770344  163.86432411   33.13739028  -27.88786988
    -98.55120663 -208.92298857]
  [-106.81340615 -224.58318814 -625.08570305 -930.12225189 -199.8772704
   -651.00414156 -941.13663932  195.48666152  451.87272048  620.46743939
    712.56789965  450.38700777  159.85497078  -88.08505879  421.62870717
     73.88987285  -25.8331907 ]]]