[[[  -8.6616678  -108.36406547 -119.84730831 -146.79702783  110.88405738
    149.51996587   71.55240234  -26.5231786   -32.19704268   18.32545552
    -25.46110692  133.27275296  236.17675252  282.1696793  -172.11906082
   -270.01658985 -184.01803395]
  [  14.34211495  -48.26454387 -131.07427329   20.54387699   76.94876324
    -14.85271216  117.77528231   45.41186482    9.30772619  -77.29293266
    -36.27792536   88.1196724   162.52818493   47.30139618  -43.85645528
    -74.40428654 -175.76607489]
  [ -71.8094893  -157.82682953 -603.47851591 -896.87515431 -156.9428009
   -628.42332163 -903.19499977  208.19533236  438.47528762  597.45607209
    687.37763263  437.74259586  158.61479739  -88.59727341  408.89639626
     91.26291553 -168.97216276]]]