[[[  -1.62921457 -115.36450776 -128.22958978 -116.47943614  132.22514974
    170.96947005  105.1954841   -18.02077223  -12.27200911   15.70695637
     -5.5871942   125.61715302  224.11158088  263.74908921 -178.31192367
   -245.39183355 -231.51538482]
  [  23.96063308  -23.98633753 -146.06787079    1.16645036   71.90762337
    -60.10160819   56.76447812   57.04925381   11.61490273  -80.5964198
    -38.73654221   76.20925619  147.0322235    42.20226976  -24.31686443
     -5.41406499 -111.03712432]
  [ -74.02026204 -187.74363619 -564.69033403 -855.04389541 -139.36469216
   -560.73221347 -853.76160283  207.55523698  446.63962269  595.29963276
    690.69974952  445.94685684  168.91984571 -110.07378662  415.48038431
     69.07738343 -289.85687   ]]]