[[[ -2.95750395e+00  -1.38755453e+02  -1.23811620e+02  -1.17116944e+02
     1.16994310e+02   1.84388490e+02   1.12183440e+02  -1.53644283e+01
    -3.87068754e+00   7.03428731e+00  -2.76651700e+01   1.39134262e+02
     2.45023783e+02   2.83972552e+02  -1.74945324e+02  -2.43336479e+02
    -2.57128664e+02]
  [  2.60990947e+01  -1.39374115e+01  -1.39502653e+02   1.47304417e+01
     6.61355965e+01  -6.91819058e+01   6.97295939e+01   5.99509200e+01
     1.61842030e+01  -7.94017611e+01  -3.32845031e+01   7.12149095e+01
     1.23217632e+02   1.05222296e+01  -1.00332263e+01  -4.31685638e-01
    -1.14027467e+02]
  [ -8.21805528e+01  -1.97077392e+02  -5.86596669e+02  -8.84760118e+02
    -1.48891402e+02  -6.10052414e+02  -8.89551570e+02   2.05758567e+02
     4.53530915e+02   6.03551853e+02   7.04073561e+02   4.53363970e+02
     1.72872647e+02  -7.29579558e+01   3.94328977e+02   7.22249747e+01
    -2.24159676e+02]]]