[[[ -23.27820757 -146.1523507  -125.90608066 -155.0456252   108.81520241
    150.78521714   70.28528072  -49.22755681  -39.69580638  -10.10976049
    -37.24425458  129.83420046  205.1476546   242.76946326 -213.13887315
   -275.21437227 -183.47056276]
  [  11.55446328  -50.16933254 -146.50506004   11.33672531   73.27814493
    -33.87269535  100.86254215   52.94251018   38.91252956  -55.00141721
     -1.36140436  113.91252827  175.06848563   38.52059578  -17.80904107
   -145.46630081 -249.98267146]
  [-114.47654031 -213.19842087 -640.76668937 -957.90978865 -189.23315271
   -667.89661925 -973.25224878  178.50000207  428.07351937  594.43654942
    683.7649715   425.03485069  137.5141021  -103.9635581   402.54414044
    135.86115249  258.4795707 ]]]