[[[   2.73510655 -116.67062166  -94.17407307 -100.51073953  141.20356221
    184.5229609   108.56154903  -19.06650252  -10.77986632   18.27068415
     -4.38371697  132.79197821  237.39467449  281.66156709 -185.74110957
   -289.25757524 -276.56778006]
  [  12.87329445  -45.7921789  -169.81510892  -28.78449676   71.53876236
    -61.82534789   58.08751555   57.02608331   26.59889394  -65.81161083
    -19.18681127  100.32756365  179.24192357   71.15264472  -18.30890073
    -24.99261081 -140.4956816 ]
  [ -89.78273175 -195.23374671 -588.52920954 -892.91055314 -169.42315126
   -613.71442253 -900.13481648  201.5141536   447.13419558  610.35807217
    704.46363723  446.21293293  157.50404492  -97.33560583  417.06048042
     91.42036156 -179.57682046]]]