[[[  1.81297617e-01  -1.11484862e+02  -8.75127576e+01  -1.01059231e+02
     1.14802368e+02   1.88288043e+02   1.03732685e+02  -1.80067625e+01
    -4.39655564e+00   2.49214004e+01   3.26618761e+00   1.37468426e+02
     2.41084106e+02   2.88086075e+02  -1.78031472e+02  -2.83558143e+02
    -3.08011415e+02]
  [  1.46908581e+01  -4.65294643e+01  -1.67713217e+02  -2.84556857e+01
     7.59111792e+01  -5.48668935e+01   6.55048460e+01   5.41551902e+01
     1.90379936e+01  -7.18081721e+01  -2.74766135e+01   9.51230531e+01
     1.77770791e+02   7.75955414e+01  -2.57826010e+01  -1.96870764e+01
    -1.35676312e+02]
  [ -8.57921554e+01  -1.90272350e+02  -5.81352583e+02  -8.83613805e+02
    -1.65174341e+02  -6.06518754e+02  -8.89700050e+02   2.03427063e+02
     4.46310107e+02   6.05579413e+02   7.01411354e+02   4.45460464e+02
     1.59502383e+02  -9.48289080e+01   4.16772699e+02   9.22038131e+01
    -2.11710145e+02]]]