[[[  -3.22752587 -122.35986347  -68.44954312 -113.48265724  118.29348283
    161.66710352   75.82589848  -25.36457131  -22.07409204   29.47902931
    -13.35719029  139.3476391   208.31824507  253.38849304 -159.61228566
   -255.92114133 -239.24084763]
  [  15.21602272  -60.14927319 -154.15568434  -10.65687038   90.58134487
    -17.01995088   95.6054412    44.45488778    6.832732    -76.2413143
    -35.20031019   97.32902929  186.76644179   94.17217993  -55.42582313
    -67.00524998 -163.88395087]
  [ -74.61612092 -175.6130573  -614.85412072 -892.38322323 -150.00174231
   -585.6275923  -882.39681792  207.62241334  442.4892314   600.03202588
    689.94939207  441.67704354  164.21024207  -82.39313532  412.56981857
     94.0865235  -227.96643736]]]