[[[  -3.22658571 -122.98304772  -68.63911561 -113.7183249   118.91580318
    162.25454521   76.06838384  -25.91660168  -22.15118335   28.4045468
    -13.82815795  139.87832747  208.60500953  253.50191501 -160.35168448
   -256.34521816 -238.85719311]
  [  15.44045803  -59.67014087 -155.76280995   -9.96717666   90.55107488
    -18.86699387   95.79955593   45.71276101    9.05854993  -75.22553187
    -32.82673763   99.08516677  187.55269273   91.58147447  -52.98771403
    -69.58451301 -169.0570097 ]
  [ -77.54643053 -180.73007492 -621.15986451 -900.48266739 -155.14356743
   -592.02037309 -891.16698974  207.23890657  463.10149894  604.18988299
    688.45563882  438.83982056  159.09112681  -87.69392302  410.1306617
     91.74625115 -199.80648989]]]