[[[  -2.78161473 -123.76090461  -68.36199588 -108.79903973  120.03536791
    163.90558331   79.46430054  -27.03755187  -22.76502385   27.80825231
    -14.36177116  140.47946222  210.14695213  254.79267715 -161.97601146
   -258.13648503 -239.99785072]
  [  16.80111252  -58.8777396  -162.61370856  -14.70071143   92.47998861
    -23.37408256   88.86093113   48.71345151   12.64794677  -72.84063574
    -28.92142453  103.22355948  189.55119422   91.56085518  -50.45444494
    -69.73532865 -169.80606088]
  [ -85.34895567 -205.98459448 -621.77472606 -904.67802146 -156.6129
   -591.98246395 -896.09081671  204.94015277  467.90341032  610.53688487
    695.31877263  443.38528539  162.44117713  -84.75075449  414.50850963
     94.80425514 -197.39685116]]]