[[[ -11.38534802 -107.05306782  -80.76088971 -136.59223374  102.01213143
    148.08418976   47.53735882  -33.73320118   -5.22863225   42.67182103
      6.77048676  125.68535388  191.16078506  239.20072768 -169.98886744
   -266.78486673 -183.09735058]
  [  14.69804629  -77.10489691 -156.70134721  -16.52099585  106.50101458
     12.22342221  120.26034425   41.06020179    3.93825945  -73.90999872
    -36.36429636  112.04072703  211.65990095  107.66890422  -77.07568792
   -114.0762428  -204.59616435]
  [ -77.63115144 -168.48818156 -613.35658068 -907.62479884 -166.94321837
   -611.76997739 -906.83427065  208.75502268  457.40146101  606.28633693
    708.38985411  432.46016168  148.72290649  -68.84783498  404.51262559
     82.37784215 -182.08695557]]]