[[[ -11.28517104 -105.45068203  -80.30240852 -138.91746925  100.4282296
    144.89243107   46.25614463  -32.70748094   -4.46825511   43.55868743
      7.5151643   124.28777072  187.63531868  235.36003708 -166.77201708
   -262.68275186 -180.4428368 ]
  [  14.66246732  -75.80123035 -152.14940237  -11.20260636  105.12619226
     15.58902989  124.96729763   38.90069026    1.182316    -75.44925398
    -39.13994709  107.61293046  206.27693028  103.91248288  -78.14153271
   -111.40819717 -201.69502337]
  [ -69.67881525 -167.25565346 -609.55687042 -898.10604569 -142.38187827
   -607.4810628  -897.75005598  210.38503941  447.4577651   598.16705685
    694.2017413   422.71627678  141.27859653  -74.08381452  418.3056498
     76.68208611 -185.37976922]]]