[[[ -1.78479822e+01  -1.12502993e+02  -9.05007695e+01  -1.59534415e+02
     9.29734915e+01   1.02267074e+02   2.41880444e+00  -3.53071238e+01
    -7.74162135e+00   4.85313782e+01   4.05245361e+00   1.21331059e+02
     1.82069433e+02   2.34055444e+02  -1.43087555e+02  -2.34739454e+02
    -1.48176562e+02]
  [  1.46879195e+01  -7.92414237e+01  -1.39609788e+02  -8.58296208e-01
     1.08617262e+02   3.94024994e+01   1.53300573e+02   3.25791622e+01
    -7.12263209e+00  -8.09882968e+01  -4.55176467e+01   1.03174920e+02
     2.03752116e+02   1.05460182e+02  -9.24863317e+01  -1.40387891e+02
    -2.24607160e+02]
  [ -6.85688751e+01  -1.70944040e+02  -5.98864224e+02  -8.99034622e+02
    -1.45957286e+02  -6.24694161e+02  -9.08903194e+02   2.13332193e+02
     4.56603060e+02   6.03369986e+02   7.09002468e+02   4.31546200e+02
     1.42694904e+02  -1.10834643e+02   4.03957841e+02   8.01262009e+01
    -1.57026706e+02]]]