[[[ -1.76630163e+01  -1.09829031e+02  -8.88193112e+01  -1.69262864e+02
     9.04956223e+01   1.00148566e+02  -6.88278306e+00  -3.67591271e+01
    -7.67526756e+00   5.10325721e+01   4.49899714e+00   1.18352731e+02
     1.78101637e+02   2.31832277e+02  -1.40818140e+02  -2.31686257e+02
    -1.44601824e+02]
  [  1.34273109e+01  -8.76016814e+01  -1.38191326e+02   1.93617214e-01
     1.14456295e+02   5.30738829e+01   1.63574067e+02   2.81683630e+01
    -9.48988648e+00  -8.08556692e+01  -4.73165500e+01   1.07429179e+02
     2.15739450e+02   1.22499383e+02  -1.01779889e+02  -1.64713501e+02
    -2.47115558e+02]
  [ -6.84949284e+01  -1.70381171e+02  -6.25117305e+02  -9.13560904e+02
    -1.44817688e+02  -6.23363150e+02  -9.15618197e+02   2.12779552e+02
     4.53075295e+02   6.01312161e+02   7.03788062e+02   4.28377402e+02
     1.42290819e+02  -1.09013937e+02   4.00937846e+02   8.27855533e+01
    -1.13627485e+02]]]