[[[   1.72654222 -147.31803118 -177.53264949 -121.10157641  140.39265051
    162.70740619  118.15088796    4.48896469   -3.70786683   -2.4468155
     -4.19311121  169.11692333  302.40781828  337.52019991 -148.49852953
   -282.59534388 -348.2994661 ]
  [  29.48143895   37.27269287 -140.58540021  -17.21420685   21.69017311
   -151.94685875  -23.0104335    72.87888907   33.82790201  -68.78658852
    -22.0618076    41.8476075    72.20895662  -56.58418632   58.87067767
    118.33456509   -6.24910303]
  [ -88.85116546 -187.06335139 -552.95533898 -856.44728344 -164.12844868
   -552.50326726 -855.81905055  198.11799453  444.29143811  593.63813506
    694.58237522  417.4181269   115.25139897 -140.02483614  416.79266826
    110.01364926 -205.84642609]]]