[[[ -10.51046375 -123.0212237   -61.81776503  -83.50315878   92.40029426
     58.95134421  -67.22792736  -34.55939292   19.39434234   50.86338138
     28.46387555  123.99434709  188.75829715  240.80116587 -126.94036092
   -217.37823784  -72.87499285]
  [   9.67971053  -83.58520146 -152.55661701  -23.99962549  102.94444543
     51.69558092  162.83441366   38.96572985   44.73020523  -41.43795728
      7.96147994  148.84273997  231.68523413  103.28240446  -48.67672306
   -241.48587947 -308.91137223]
  [-158.58052052 -183.26464726 -624.32074871 -872.95202095 -185.02549301
   -631.24945927 -874.46900831  147.19952993  503.55774211  576.23711964
    750.29411276  473.63101785  172.57931733  -87.41437321  486.77484763
    297.86919379  552.4773118 ]]]