[[[ -17.32861878 -129.16563262 -106.89885728  -91.97564847   88.02952447
     57.71252883  -26.26988577  -38.7342377    18.78604877   63.01708603
     64.06119695  122.20373696  149.07596254  240.63550034 -128.71607608
   -184.5970063   -72.88139234]
  [  13.53424516  -86.32558213 -145.0656978   -26.60831429  113.39389937
     59.80564954  145.65487326   37.12450793   36.07536439  -49.24205336
     -4.83358588  151.1871822   260.76619125  148.93895548  -65.99064474
   -260.79529332 -325.19098487]
  [-160.5530823  -193.1064305  -612.77465508 -900.02812707 -194.49485381
   -618.67543563 -902.61280513  151.79042839  508.71310519  579.53518959
    759.50629489  479.55954927  201.85277071  -98.57095078  491.52742658
    298.78563034  556.48611409]]]