[[[ -10.04405085 -121.04962947  -98.97624813  -85.51920232   94.84055683
     59.85363063  -65.88843375  -33.78551762   22.50283993   58.78357822
     33.72163525  126.06889639  154.97629359  247.24175194 -123.72086019
   -177.38046114  -66.67076957]
  [   8.06763888  -90.98174645 -143.62023446  -24.63300536  107.11684013
     62.32636898  163.38660303   34.83573477   36.15353597  -47.71622992
     -2.4261581   149.28389422  252.33258533  143.51827339  -65.31510939
   -256.65710316 -320.44930739]
  [-158.17733223 -187.58655569 -609.10385839 -893.78991021 -190.05744887
   -646.56014581 -896.99008297  153.69077097  513.3893328   586.16605892
    764.60097118  484.34954695  207.55974539  -92.53858123  495.50088434
    300.51707638  522.59941921]]]