[[[  4.82866171e-01  -1.50300037e+02  -1.80190394e+02  -1.20425460e+02
     1.42320548e+02   1.63989827e+02   1.11907941e+02   5.38319808e+00
    -2.98832118e+00  -2.15942727e+00  -3.89975761e+00   1.72552446e+02
     3.06362295e+02   3.40354145e+02  -1.50385162e+02  -2.86474121e+02
    -3.51341468e+02]
  [  3.03827662e+01   3.95806112e+01  -1.64481193e+02  -5.33027529e+01
     2.11849152e+01  -1.78313857e+02  -5.28592896e+01   8.39645531e+01
     5.11339167e+01  -5.37201682e+01  -1.26827232e+00   5.64765135e+01
     8.10566043e+01  -5.33103035e+01   7.59866461e+01   1.24221621e+02
    -6.58127328e+00]
  [ -1.06444739e+02  -1.98629260e+02  -5.33476809e+02  -8.55471307e+02
    -1.99429220e+02  -5.60131280e+02  -8.62478340e+02   1.90443573e+02
     4.45441145e+02   6.06247161e+02   7.23437071e+02   4.17448276e+02
     1.09752311e+02  -1.46607991e+02   4.17397588e+02   1.07493957e+02
    -1.79674746e+02]]]