[[[ -11.03167323 -108.25743563  -42.98722041  -66.01895399   67.76892875
     77.32221378   -6.81803598  -42.20104376   -3.85312618   55.61459192
     40.58946867   96.29187044  155.28119226  212.19247089 -116.27093056
   -206.23870793  -99.0017341 ]
  [   7.83672782 -103.54802809 -162.21316006  -52.91903265  119.22128025
     64.50132472  140.75804245   34.23785015   45.7643891   -33.85281712
      9.93505355  166.75626464  270.24632931  163.39333911  -67.10656534
   -273.29774383 -328.87144358]
  [-155.19170799 -188.21657214 -639.02595202 -892.51542345 -162.4195297
   -643.84794453 -895.64338769  152.36278905  507.04369356  579.53242951
    756.63533895  476.90758881  172.58587239  -95.984929    490.98820295
    331.27265584  556.06214661]]]