[[[ -11.66987717 -103.72237321  -75.03027213  -58.58778536   75.61426335
     85.54658102    5.99090643  -37.29881485    3.72937213   58.70898611
     49.57867347  137.14164281  129.39672533  221.03370633 -141.08917812
   -233.88957924  -95.71268282]
  [  17.19245356  -87.3756604  -150.15809716  -34.85054989  121.7604398
     58.46367531  145.02057755   36.34082631   16.94882147  -62.12241678
    -26.47874214  137.41070737  258.86265821  153.21034981  -81.24415317
   -210.8753597  -288.70381338]
  [-125.83627662 -148.7650172  -595.69472659 -845.65605409 -120.52712925
   -597.95588381 -846.3077663   168.25814942  510.22206358  572.3682336
    757.22377564  485.12444973  208.01760811  -56.75184964  487.51804351
    179.90360069  342.55472625]]]