[[[ -51.01782011 -123.44294425   16.91168455  -29.68269192   45.72869093
    117.24811306    1.29364255  -61.11652624   -3.98934243   84.55901031
     80.23824634  122.77584152  105.70700704  162.08934509 -143.57531597
   -249.38518509 -114.68809877]
  [  38.78605051  -88.28908031 -203.98331136 -114.78491444  165.86115626
     54.88542736   86.1846348    49.49001001    5.60312379  -57.64967067
    -31.81182896  148.54031834  281.10134597  184.65873386 -112.6619296
   -180.72506001 -239.46434368]
  [ -90.88571884 -168.71897066 -412.7350867  -843.46157258 -169.09611014
   -468.72880761 -884.17994055  193.97521487  449.14104658  570.31487893
    691.17338697  422.46924455  137.95938693 -139.12499864  421.78924961
     78.66164977 -142.79914295]]]