[[[   6.99354707 -119.02797963 -178.60768954 -111.58509393  138.46075544
    154.6825247   116.95708531   11.00732073   -5.04501988  -10.77978602
     -8.28131233  165.60032232  294.87134445  324.72949139 -147.29250047
   -276.46107475 -343.62886171]
  [  29.67287189   48.94997536 -137.58986222  -19.54626533   10.39576114
   -172.54218083  -40.57919442   77.78979427   40.85053107  -62.15854637
    -11.92603843   35.59717799   55.17848605  -78.00044763   77.33395928
    137.93741526    7.84742038]
  [-100.25430158 -196.37684584 -552.65851569 -860.63950372 -195.70886179
   -552.20964093 -859.24442991  194.54619159  458.95555012  604.94845253
    702.98230857  431.69537573  102.81952189 -148.68156943  430.51107664
     99.38261041 -180.45862102]]]