[[[ -33.46075374 -108.39487033   -3.61285952  -68.56896695   46.49833784
     72.11972076  -12.82436094  -42.09096919    2.1754416   100.89343689
     85.16405616  119.5563537    97.47213797  157.06085159  -98.30724552
   -210.33287969 -150.18754311]
  [  17.41259209 -111.53089556 -172.77574615  -95.38916045  146.35610483
     79.11268647  130.71914062   28.8475149    -6.91466614  -56.23961698
    -35.15848069  138.20125515  272.79258657  219.53103126 -129.52579718
   -191.72514614 -250.17749374]
  [ -72.14939627 -157.87568874 -471.12655911 -849.07622874 -133.85087058
   -621.75449209 -846.9955469   209.87448155  470.21583585  586.75870316
    708.33152789  444.39852557  141.83130562 -100.47173681  443.832382
    106.23132304 -220.27727095]]]