[[[ -21.10398861  -99.36925942  -34.39399898  -55.53546167   56.90868213
     76.34701314   -2.65044009  -30.67873302    8.82299409  101.81020367
     91.20618166  127.0453211   109.36829474  204.73870428  -92.28360603
   -205.68912839 -184.51529658]
  [  19.32540752 -100.62770256 -158.8332103   -70.13187342  139.27861285
     78.51983272  127.93452029   27.88915537  -13.03216771  -65.48600768
    -45.5505076   124.83530956  265.37044336  223.43407637 -123.81395104
   -165.53482656 -245.89622346]
  [ -74.18873788  -71.78831677 -494.37509234 -759.770763    -70.60141635
   -523.74989808 -761.7493498   202.19833067  523.38563874  569.84288149
    758.07004974  500.2631072   208.0509338   -28.90248648  497.08533784
    138.04491994 -187.63030142]]]