[[[  -8.86042172 -104.94309998  -39.62243736  -59.05071386   97.26020118
     78.8968337    -3.12610833  -26.53934647    3.97014075   91.03997034
     84.88966363  132.00828423  152.99349552  210.99083553 -104.35689648
   -219.12676296 -230.7834356 ]
  [  18.12748315  -93.65461201 -172.17280292  -57.52877649  129.9097219
     53.52123179  112.88459283   33.76686241   -6.18665086  -69.85166445
    -39.40389927  124.59456511  254.93689861  199.95877324 -108.24593747
   -136.37040588 -225.37954027]
  [-102.45628198 -132.3807974  -530.28278811 -771.64880084 -103.50221124
   -501.18725346 -769.55662889  194.74725225  540.64288722  600.2659002
    810.06437347  516.2473021   217.84758294  -22.71402182  513.24572272
    146.46263754 -184.82893383]]]