[[[ -12.1833351  -112.03677247  -40.06314848  -18.10451059   96.62474996
    114.96474125   -1.14817541  -30.57556035   -1.41708445   80.06576463
     78.97190231  130.02486683  152.58955776  207.23970183 -112.90024676
   -256.03909483 -238.70648697]
  [  19.14746909  -87.05335554 -187.79113877  -81.52970153  125.3483982
     29.31061961   97.07311178   42.47346365    3.10851262  -67.36954776
    -34.62111523  127.67491618  253.68397742  182.7699354   -91.01105344
   -113.79052165 -205.26732644]
  [-102.47688469 -111.06775798 -502.25107933 -775.87405738 -109.86265932
   -504.97633772 -773.90895222  192.15824451  533.01385338  593.63598736
    801.15090882  507.78361851  207.10311701  -30.83787872  505.99447149
    140.97296397 -155.20779764]]]