[[[   0.79498446  -77.85728422  -49.72367935  -73.65621682   91.58051568
    102.57439833  -13.431803    -19.58330469   26.90180103   88.32475994
     75.60626491  122.82627131  140.28580365  196.56668634 -110.73862071
   -224.74636174 -206.18777545]
  [   8.22681899  -99.65774846 -159.28234776  -41.5900435   116.11147168
     53.22239247  130.28810333   28.5187771    -2.66063027  -66.59457423
    -36.4000208   122.31733684  248.12450392  186.47292894 -100.94741493
   -139.04476999 -223.47718164]
  [ -92.44249976 -110.49194361 -542.50053311 -780.54038725  -83.54783212
   -543.52600746 -779.74584884  196.78142457  552.44265456  592.97586939
    792.7787568   501.94901327  203.59564662  -35.72771927  501.0887404
    169.87553372 -119.10685575]]]