[[[ -1.93176193e-01  -6.97519590e+01  -4.23901243e+01  -6.63318428e+01
     9.08999924e+01   6.50341977e+01  -5.37185600e+01  -2.09673883e+01
     8.10171803e-01   9.09149858e+01   7.89358174e+01   1.22147117e+02
     1.39290531e+02   1.97694061e+02  -1.01194299e+02  -2.08979983e+02
    -1.52445121e+02]
  [  9.06216594e+00  -1.02661420e+02  -1.55830924e+02  -4.76306736e+01
     1.20785861e+02   7.32440987e+01   1.42745231e+02   2.69655442e+01
    -3.61790502e+00  -6.18854678e+01  -3.45005668e+01   1.23781332e+02
     2.42134330e+02   1.77089142e+02  -1.07772894e+02  -1.49772574e+02
    -2.27774057e+02]
  [ -8.82762658e+01  -1.08973924e+02  -5.32538231e+02  -7.66348421e+02
    -8.23794898e+01  -5.34107743e+02  -7.64680216e+02   1.97491523e+02
     5.40887083e+02   5.90198160e+02   7.76775060e+02   5.16191004e+02
     1.98242123e+02  -3.71906409e+01   5.14590678e+02   1.60659667e+02
    -1.55406722e+02]]]