[[[ -30.18561231  -76.48208995  -18.90649562 -143.99517406   33.80011646
      8.07512032 -125.13583296  -40.09038311   -5.52733971   93.81888211
     70.93550436  102.73410761  115.21306159  177.94687284  -98.3097397
   -201.15203517 -108.3270829 ]
  [   7.4357642  -123.32081329 -151.85842795  -67.11837107  138.19237355
    109.62919     169.37984616   12.48588031  -13.5941026   -58.42685696
    -38.74166107  128.11607027  251.1340433   193.65532292 -137.73805653
   -220.00437983 -283.37449183]
  [ -55.84593151 -146.56745799 -602.35010071 -893.75321496 -145.1161597
   -603.17453711 -894.40192907  218.25864937  449.44442093  587.9137166
    675.59555655  423.53041813  109.50651162 -120.97410707  423.76779964
    106.72920634 -163.39989982]]]