[[[ -32.72002816  -83.06456493   -9.73640721   15.93926678   30.58719946
    -20.34573469   11.42469518  -55.68183273  -15.04897877   89.69892705
     69.74354719  100.05323695   81.33635219  185.49285332 -110.71415142
   -180.27175654  -75.39555751]
  [  17.76581183 -119.87828986 -166.73485601 -112.16876618  155.41001076
    106.75679135  110.10882305   28.05116786    5.77966553  -36.33068426
    -16.79235026  156.5879454   278.24592698  222.78883472 -131.57147111
   -220.82093612 -276.77460491]
  [ -94.1023249  -115.62552007 -480.9076703  -795.13997246  -87.03934044
   -516.65323345 -800.25310681  196.15183234  532.2289861   592.4868766
    803.40816774  506.14949282  172.38728893  -41.10588222  506.33711459
    167.33161459 -123.48514842]]]