[[[ -35.46765933  -72.66330038   23.05661343 -103.74152044   25.77678889
    -29.11550551 -152.16818828  -47.0427519    -5.69110538   98.33285505
     71.02739402   96.3880575    71.73326682  135.50182204  -92.23444406
   -160.49549227  -63.28409494]
  [   9.27089763 -129.14561137 -157.89781495  -92.2751254   147.68746404
    113.82620185  144.02633847   12.99456096   -8.4565564   -44.18239891
    -27.2158936   139.43464244  254.10633726  202.14217983 -143.32225125
   -221.96550641 -271.39591313]
  [ -56.45632229 -146.91967005 -569.89464314 -872.49976094 -145.25357032
   -571.17899112 -873.70035888  218.43870898  451.97123527  593.45711499
    703.60983149  425.16918071   77.90171977 -133.23215123  425.2954801
     73.0331735  -201.96801924]]]