[[[ -42.95717043  -97.69016188  -41.30993386 -152.50013508   39.30162663
    -16.56683984 -138.56281058  -44.9794136     9.79425716  107.53579422
     90.62703332   87.66473229   92.67887887  157.50230125  -81.36718517
   -152.01999637  -88.61471225]
  [  11.30491493 -122.61906906 -151.86208635  -69.17982645  145.22898544
    113.41139681  153.9818333    11.66509174  -21.13697787  -59.52481216
    -43.4638965   125.98097491  252.04388025  210.26754317 -150.71213983
   -218.34470748 -275.574302  ]
  [ -54.59157399 -152.71998525 -558.30810475 -865.42048596 -151.05827823
   -558.75238208 -866.98319268  221.90447163  459.05346456  590.79241672
    691.37954552  433.68144737  108.14155298 -140.4738389   431.80172125
     70.03401702 -250.70136959]]]