[[[  -4.20449767  -44.65852728   10.26655419 -110.41521558   52.78238596
     32.49962816  -96.18002452  -17.08825809   12.97038821  115.48390907
     90.92545492   87.51040121  177.00043953  278.75843128  -71.8979742
   -136.16800884  -34.23030253]
  [  24.82798903 -117.74353993 -139.61800358  -68.00800244  167.39974567
    139.39111383  180.78931926   26.58344222  -19.61457722  -43.7274342
    -35.34844053  139.35076579  291.12346149  220.22202386 -153.30190376
   -231.14691847 -269.19982431]
  [ -87.79390098 -167.2479268  -596.74730079 -967.39606857 -163.35175097
   -593.16270941 -958.44544877  198.60336161  439.84054545  581.33058081
    690.40491681  445.76841414  272.86853513  266.52607356  407.79813685
     56.96045894 -247.98558139]]]