[[[  7.52253904e+00  -5.72018205e+01   3.04540987e+01  -9.16272047e+01
     8.07395250e+01   6.14053821e+01  -6.11995949e+01  -1.00905632e+01
    -2.32637712e-01   1.03096602e+02   7.31042393e+01   1.04589229e+02
     2.21970563e+02   3.08905003e+02  -8.96581051e+01  -1.51721421e+02
    -5.14784904e+01]
  [  3.02891718e+01  -1.04132897e+02  -1.41174871e+02  -5.84049213e+01
     1.64711442e+02   1.25180198e+02   1.88122812e+02   3.71691364e+01
    -7.17548223e+00  -4.34407475e+01  -2.67750856e+01   1.42775949e+02
     2.71184417e+02   1.79011585e+02  -1.31117379e+02  -2.06234641e+02
    -2.51770892e+02]
  [ -9.00808500e+01  -1.62528897e+02  -6.11797121e+02  -9.76462650e+02
    -1.58762602e+02  -6.08531525e+02  -9.68143771e+02   1.93876216e+02
     4.34503118e+02   5.78669382e+02   6.80751208e+02   4.39572409e+02
     2.73235192e+02   2.86795177e+02   4.02781367e+02   6.14338019e+01
    -2.02083993e+02]]]