[[[ -2.16614433e+00  -1.33314215e+02  -1.56301285e+02  -1.10973473e+02
     1.27852339e+02   1.50740418e+02   1.02246607e+02   3.11238246e-01
     1.26571564e+01   6.13650474e+00   1.41331585e+01   1.58144710e+02
     2.86782385e+02   3.21043038e+02  -1.60355346e+02  -2.95367676e+02
    -3.26014681e+02]
  [  2.14747094e+01   1.98424088e+01  -1.64589605e+02  -4.59554520e+01
     2.31070032e+01  -1.59602358e+02  -3.49698197e+01   7.64075180e+01
     4.66413272e+01  -5.65968579e+01  -3.47163482e+00   6.28794154e+01
     9.90090004e+01  -2.60604879e+01   5.95535123e+01   1.03436778e+02
    -2.11054570e+01]
  [ -1.06873596e+02  -2.07860532e+02  -5.44373510e+02  -8.61280124e+02
    -2.08606393e+02  -5.71036414e+02  -8.69139363e+02   1.92367365e+02
     4.61540409e+02   6.13026451e+02   7.10725696e+02   4.33088266e+02
     1.23779621e+02  -1.58858131e+02   4.33978289e+02   1.23888211e+02
    -1.91599134e+02]]]