[[[ -32.80773315  -89.66144904  -26.40899197 -134.07024606   45.84897707
    102.71803175  -23.09027038  -55.86994259  -25.25871423   73.60821455
     43.32222796   76.07837337   87.7252828   148.5127248  -115.0365457
   -204.2085492   -43.63136751]
  [  14.78744492 -118.23676688 -163.98800055  -61.66994126  147.81169237
     86.87769606  137.41786562   23.3924476    -4.47256598  -53.07980077
    -31.47158991  140.67280927  260.27826267  177.25697694 -132.75573219
   -218.06820662 -263.765722  ]
  [ -65.59323261 -163.14125646 -596.97607214 -885.54188884 -138.42391178
   -569.49630362 -878.54568156  211.05464885  441.90295621  590.35098806
    685.12916229  438.24343764   81.76911328 -117.06620331  414.02438723
     76.04726503 -148.76741119]]]