[[[ -3.00541061e+01  -1.05469372e+02  -7.58366122e+00  -1.17157477e+02
     6.33207359e+01   1.27211240e+02  -8.64502559e-01  -6.02916435e+01
    -1.62903604e+01   6.34303639e+01   2.46797134e+01   6.03048021e+01
     7.37150504e+01   1.32393467e+02  -1.35320301e+02  -1.91894220e+02
    -2.50670944e+01]
  [  1.37241446e+01  -1.19945411e+02  -1.75815917e+02  -7.06154801e+01
     1.47393731e+02   7.22036181e+01   1.21361409e+02   2.76864602e+01
     3.58839759e+00  -4.68907878e+01  -2.24137970e+01   1.50410153e+02
     2.71227070e+02   1.79542026e+02  -1.27657444e+02  -2.20218220e+02
    -2.53241505e+02]
  [ -8.00035501e+01  -1.83996462e+02  -5.98741527e+02  -8.97980203e+02
    -1.59725484e+02  -5.97695022e+02  -8.99692044e+02   2.05492193e+02
     4.62561802e+02   6.01411094e+02   6.89272511e+02   4.35640174e+02
     9.76850109e+01  -9.55189768e+01   4.11070796e+02   9.20340828e+01
    -1.32676118e+02]]]