[[[ -28.29168699 -100.28965551  -38.43588329 -140.59153001   69.59328459
    132.58552011    1.13736212  -60.34412258  -40.83924006   58.92405452
     28.57889636   64.20694626   79.52349353  140.35545584 -132.29272708
   -215.35530074   12.36921009]
  [  10.74742154 -121.73356501 -169.60277994  -62.86126291  143.22839588
     76.37365865  129.222051     26.53655475    2.33509799  -49.52519385
    -26.57636924  148.92484875  277.20504673  177.92537125 -127.88909716
   -229.81249586 -262.46094433]
  [ -82.9572452  -165.71807446 -604.80261695 -903.39969017 -188.57808502
   -604.24403306 -904.26791378  202.5284651   456.82748576  597.60719753
    683.06765943  430.71120339  120.61058796  -97.99362837  405.23282723
     89.60765452  -97.07816219]]]