[[[ -41.65183889 -138.60733423 -114.53824368 -208.97415243   60.97882847
    150.70525092    5.81274393  -66.77536756  -35.43814393   33.97726979
      5.34056447   88.06744221  112.86834837  201.90081516 -162.83387866
   -171.70747046    3.26382152]
  [  14.99207188  -95.91753812 -156.08532714   -6.4306853   125.90143793
     48.46401736  144.44358168   33.18048015   20.32604056  -57.1688057
    -19.78598497  145.10291544  252.25927738  127.78417211  -92.47675298
   -269.15752516 -313.54574213]
  [-119.38699095 -243.18728312 -644.92839359 -925.88555577 -220.56941472
   -673.4294406  -945.17354809  174.06707954  423.39011467  580.64394813
    655.60398655  395.23543477   99.14563382 -186.20337613  400.7629433
    140.92688347  337.85489871]]]