[[[ -28.114956   -131.22973634 -146.41039282 -215.88280236   84.55727878
    128.04592766   -1.56846746  -52.26087665  -21.64246663   24.75255323
    -15.09093073  112.09145302  174.1447675   224.76309105 -162.31524887
   -179.00313927  -67.91060322]
  [   5.71656111  -81.81674204 -135.64672657   27.42419667   93.24964767
     26.1459741   153.96245612   37.40271525   34.29126247  -51.50104671
     -1.30888835  134.62969142  207.77909096   76.23468692  -57.66419823
   -245.55012952 -312.33135687]
  [-128.21453343 -247.99980898 -660.02175086 -945.88871571 -251.42762853
   -719.91251209 -976.57231666  172.19272068  433.97393623  597.91863781
    672.06476343  403.39723604   75.44778893 -187.09581761  413.27999989
    181.4091865   389.06664914]]]