[[[ -26.60667011 -144.9225012  -162.36532709 -211.09586511  104.82054782
    111.51170602   12.86031401  -46.59514583   -1.64237965   18.65099274
    -26.28331648  134.48650725  197.81854029  244.16211822 -172.88697845
   -196.00095566  -88.69796096]
  [  11.41862067  -57.35595248 -121.63016125   52.97767509   80.19303395
     10.91729571  148.40472001   42.36352477   34.37085581  -57.32557818
     -3.375345    117.45859557  182.04981437   46.53589539  -38.87726328
   -218.31475826 -302.46521868]
  [-123.28324883 -242.05794245 -672.7166496  -939.2125142  -244.1210827
   -675.93397977 -955.24224591  173.24193165  427.08681763  593.53246803
    660.7349184   396.46419434   71.69024167 -218.46280436  430.49240562
    177.43740206  379.96044357]]]