[[[ -38.19371585 -150.0685329  -164.56517653 -216.05172269   72.45886921
    110.43023306   10.37926233  -49.39175735   -0.96096998   18.43829329
    -24.88157072  136.28332777  235.94497336  283.48059139 -173.29517722
   -232.00096419  -92.82560313]
  [  21.89798302  -42.12843973 -118.08148105   59.03858504   85.92426297
     11.12772132  158.30130022   48.22178269   32.6412176   -59.77951195
     -7.66071594  110.83957521  163.7091917    14.58048381  -33.23942481
   -211.74680294 -306.2319148 ]
  [-118.77222357 -218.16864876 -671.06181068 -937.80422667 -245.09658689
   -675.04410661 -951.02917587  173.29024465  418.02472872  582.33005283
    649.02344887  387.68003815   68.3875935  -185.44127447  421.70787877
    170.34916971  370.61420838]]]