[[[ -20.15770414 -155.05685132 -178.58094726 -190.41397614  113.20709372
    123.17097947   93.60000296  -30.9046821     2.48662412   17.67107908
      5.11923439  149.52457764  252.48350659  294.3816387  -150.28478832
   -251.1765425  -108.46055203]
  [  20.19202074  -11.60103022 -131.57455272   44.60593964   51.98499548
    -68.93460758   74.016041     68.36410672   64.53590131  -34.77343274
     25.74561846  114.29234314  156.90004809    0.92857298   25.42071433
   -146.04101036 -260.19149272]
  [-157.52070351 -168.42191163 -590.76516744 -826.54664109 -197.43779339
   -591.53726082 -802.52159929  145.7014641   504.46874676  579.70694551
    747.62221955  473.11824914  143.07216323 -154.444252    511.19067198
    256.17008571  473.33142807]]]