[[[ -25.11784015 -153.3698687  -184.09345512 -130.57754955   80.06759457
     64.03874306   54.55615664  -12.46540229    5.10523429  -20.74151501
    -30.35304224  152.57964502  291.73157606  316.21727538 -143.65445738
   -286.9671175  -165.85828401]
  [  -8.27215058   24.38801592 -102.5571027    31.96121725  -40.93230582
   -165.45398322    7.93221353   63.63936451   68.37621357  -23.92287204
     39.06366745   54.76306641   79.94977658  -56.64826246  100.18676863
     30.81926862  -97.36227068]
  [-137.70773641 -182.32074725 -635.69199447 -931.12156298 -212.19148581
   -630.05027421 -812.03105378  159.49621622  474.43702027  596.32564967
    713.00298809  444.21650514  120.5129088  -174.06952717  477.16099154
    189.21361654  350.55906545]]]