[[[  10.81981547 -110.61196169 -176.85098141 -101.80625648  142.71209358
    122.97978383  109.25801309   19.69402757    2.36878803  -17.42171391
     -3.33255187  171.47873229  269.2276386   290.34471772 -137.57404842
   -263.549868   -307.19234264]
  [  30.9103149    70.03834963 -103.06571137    9.82459462   -8.21772488
   -176.3326412   -40.22088139   72.88685871   32.88721316  -66.45902445
    -17.18198685    6.06160881    8.55162271 -111.43772911   88.5572366
    158.85744505   41.78722897]
  [ -97.2763526  -195.96087439 -555.43983651 -862.79078138 -195.43369181
   -555.66544938 -861.54142671  197.8873943   461.35631542  607.80432084
    705.83295555  433.08054826  100.53593703 -182.31623529  433.81413735
    127.77755997 -179.18260324]]]