[[[ -23.51811325 -155.25143309 -195.98146157 -116.41772322  103.26193651
     47.58771555   51.67596065    2.46226595    1.69494006  -36.60889782
    -37.85403549  149.54150927  294.38016018  313.0109004  -143.36225916
   -252.63328751 -176.07064573]
  [  -8.99909666   53.22640144  -77.43121627   30.61737011  -71.2245609
   -194.54651495  -20.76881329   56.08911723   51.13469886  -36.83363432
     18.23711661    6.29114998   19.3401925   -89.47727656  120.6776414
    140.48344808   30.04736704]
  [-124.81151352 -165.26379012 -625.23930067 -932.52033243 -194.49848052
   -644.98692463 -802.1812136   176.25377625  498.20592812  611.53473813
    738.96692191  469.51480965  143.61588152 -160.46352216  473.62091874
    194.59960329  179.81243575]]]