[[[ -13.11997579 -145.70994307 -190.31267815  -97.34247007  102.94548434
     45.68428186   85.97077326   13.74237734    2.93033864  -37.68389686
    -36.25818296  174.64192185  287.88377633  300.72542183 -135.81384648
   -236.86372981 -169.85284435]
  [   2.10005348   78.42180622  -38.73653124   80.33648612  -74.22164161
   -179.31813843  -35.28883299   48.51251863   26.41832641  -58.83066483
    -10.78850265  -32.10229472  -33.34228721 -127.70193904  113.29347463
    176.3261295    75.18160929]
  [ -95.40367088 -179.88369286 -629.88873407 -923.04389482 -207.01209246
   -659.82797469 -932.79140645  198.25176189  458.55527573  612.67306095
    690.57665326  429.51963711  109.85766813 -187.22774321  433.44745555
    153.16232077   35.90324608]]]