[[[  -7.67381784 -130.77233254 -211.97669738 -103.91154595  107.05953783
     49.349933     96.12198518   20.15025995    9.22364744  -46.39510603
    -31.02091086  147.53920875  289.72069926  302.69792121 -122.3616471
   -216.08800274 -193.37135687]
  [   9.26796868   98.64913946  -15.25969122   90.23856943  -80.11316062
   -176.15763979  -33.34370457   43.1544706    12.71480488  -67.86324086
    -28.98218409  -59.58025674  -77.48697614 -169.78457882  116.00713832
    217.2634833   132.29195845]
  [ -80.55304189 -144.58377333 -608.2993614  -902.25993816 -194.00726601
   -637.97841697 -910.96784331  204.11330911  450.16015429  596.98561929
    675.13671545  421.8891233   110.88606929 -181.1225571   425.71701945
    148.94470328  -38.23970635]]]