[[[  -2.60245909 -124.02236425 -206.78131886  -99.88844569  108.4095578
     50.37546733   99.81552135   26.07682261   11.13985015  -47.81132899
    -28.75952674  146.29346571  284.59819061  269.65703467 -116.29079094
   -173.72118254 -220.89838291]
  [   8.59545729  100.81755693  -13.85493702   77.99402998  -83.62663185
   -176.41501712  -39.72561044   41.63017051   12.38238814  -67.33004574
    -30.85316456  -66.14623805  -95.57086521 -192.33843041  120.48100275
    244.35655122  166.6195179 ]
  [ -79.0978135  -157.07394705 -585.99498341 -884.84381083 -181.67436659
   -613.98862088 -892.24173686  205.36931719  453.51780579  597.33264486
    675.48964592  425.84336817  120.04341484 -167.24346302  428.12202
    149.04321209 -132.95412542]]]