[[[   1.75295261 -116.07977531 -204.56011513 -113.38518894   99.73428509
     66.50750816   83.08190165   30.05934722   24.72382994  -52.60231861
    -46.99272503  165.74822181  274.99276775  220.70535889 -109.41423568
   -202.82253946 -255.62448262]
  [  16.98111489  108.52820461  -23.92269345   41.46330756  -74.56602484
   -201.28183484  -51.98205632   58.00062421   31.94860921  -49.09209073
    -11.49672533  -52.66241829 -101.79361933 -197.81208217  140.72702872
    250.91702366  154.60740787]
  [-104.73583472 -145.6875274  -583.11559759 -898.36196254 -170.14565634
   -518.97830327 -755.63927723  191.5082757   499.02486594  602.44630463
    732.82777108  471.62129104  153.25296596 -147.4083072   472.44845079
    183.97387259 -110.15760056]]]