[[[   2.09227874 -133.63320073 -187.02091588 -107.91801926  115.28854192
     87.76375825  103.5878995    26.36350738    7.27145599  -52.34848297
    -34.75050142  150.08945726  288.62085974  202.30708498 -128.85364758
   -193.26413672 -277.40665525]
  [  19.14906955  100.32006859  -35.12846535   36.40019987  -62.02195783
   -190.68480939  -34.06587735   57.93686554   28.23650682  -56.93504708
    -18.09165433  -46.13460526  -81.96583226 -185.36310502  128.92890382
    238.72622543  135.50775452]
  [-103.5424002  -147.07723553 -557.11167416 -888.9230171  -172.10999719
   -520.73121977 -758.25985948  191.57349733  497.40080196  599.98125567
    730.90985728  470.1503247   150.28868322 -150.5585183   470.61181062
    179.85149432 -114.57597184]]]