[[[   3.08475198 -109.28472753 -159.68385238  -62.99996124   93.97654492
    102.36788381  134.22289219   23.61958933  -13.44572233  -86.59308302
    -90.19698044  122.04078672  229.03881077  172.86800457 -109.73390331
   -159.11670429 -213.05303265]
  [  13.4189605   114.85629034   30.37040385   96.46834805  -88.01837171
   -162.50651483   -0.93395415   37.32232549    6.23352992  -64.21811245
    -34.19658116  -90.33520522 -143.70302679 -226.14232276  127.59720366
    252.24034926  171.59062525]
  [ -90.43382226 -134.22005702 -584.60008776 -900.02175407 -159.41123676
   -573.33836753 -753.86582871  202.42372735  505.28068878  599.56040147
    737.08352143  479.74901507  161.90648563 -138.99857348  478.46589524
    162.17674487 -106.31782819]]]