[[[ -9.93806879e+00  -1.28776484e+02  -1.44854538e+02  -4.81076326e+01
     7.05822083e+01   8.28690888e+01   1.50790247e+02   1.83993032e+01
     4.91859306e-01  -8.58635940e+01  -7.56898533e+01   1.04832394e+02
     2.12490071e+02   1.91090268e+02  -9.36425732e+01  -1.39853993e+02
    -2.30328695e+02]
  [ -1.65159203e-01   1.07565380e+02   3.93550857e+01   1.00616703e+02
    -1.07895728e+02  -1.63781418e+02  -1.66976491e+01   3.00912102e+01
     9.72448283e+00  -5.28169370e+01  -2.23760560e+01  -9.49987887e+01
    -1.55297771e+02  -2.47182623e+02   1.36009212e+02   2.70156806e+02
     2.10339962e+02]
  [ -9.21510494e+01  -1.41088721e+02  -5.96634345e+02  -9.12073650e+02
    -1.65507658e+02  -5.31024671e+02  -7.65296470e+02   2.01378563e+02
     5.08157626e+02   6.07873192e+02   7.43757230e+02   4.82392743e+02
     1.60828696e+02  -1.47795351e+02   4.81092243e+02   1.61196018e+02
    -1.13617361e+02]]]