[[[   1.93175049 -111.80506746 -165.81110205  -62.87326339   85.91530811
     96.90330175  167.63132943   21.10108762  -20.83035198  -97.14264266
    -98.99495002  112.11088412  220.81090315  164.20070752 -112.9883175
   -125.9599723  -211.1826727 ]
  [  11.1689179   118.88712863   39.86152338   98.98861944  -96.54930231
   -158.38466889   -2.9879453    31.70615967    1.07571885  -63.53018547
    -37.11116891 -101.91532719 -156.65164366 -241.0451225   129.41657579
    270.67077665  202.94506195]
  [ -83.10225185 -137.5941947  -561.30051266 -890.69294638 -137.93477475
   -551.55773344 -758.57833161  204.54016469  498.77637771  592.25921392
    729.33847146  473.49456326  154.53872897 -149.04409376  472.09495478
    154.27918501 -117.10251492]]]