[[[ -26.62201574 -132.75327927 -145.33136372  -27.6997224    61.3690301
     83.35867679  160.88946392   -9.13114046  -39.36440416 -126.93962625
   -122.83251766   63.50161956  209.3869366   151.4254737  -129.85532089
   -159.79431473 -290.10689007]
  [   9.90830782  128.00183986   80.74683566  151.87096729 -108.18516928
   -139.10112027    4.89156525   28.17586201   -8.45678008  -59.64529482
    -40.78005323 -119.00749333 -175.39828663 -261.7061604   134.21420688
    297.92665853  244.3551409 ]
  [-103.31730224 -166.49351236 -645.33417602 -967.25783528 -167.06068701
   -578.07857962 -821.15601006  197.42198403  498.78305359  598.63727604
    737.90344354  470.85689225  142.35166987 -179.07874066  477.49862629
    288.60299435  124.58869334]]]