[[[ -3.63746941e+01  -1.45006020e+02  -1.25294311e+02  -1.66327706e+01
     4.03006702e+01   6.43735775e+01   1.76781613e+02  -9.41624433e+00
    -2.09302069e+01  -1.11659916e+02  -9.95918450e+01   7.88332193e+01
     1.85326327e+02   1.24847958e+02  -1.10851388e+02  -1.68789594e+02
    -2.88633969e+02]
  [  2.39852200e+00   1.18617008e+02   8.10036360e+01   1.51027770e+02
    -1.13819896e+02  -1.34919503e+02   6.56575323e+00   2.61678064e+01
     5.09446676e-01  -4.84015486e+01  -2.54396642e+01  -1.10503909e+02
    -1.73341017e+02  -2.54933311e+02   1.37429775e+02   2.81165189e+02
     2.18074799e+02]
  [ -9.91933509e+01  -1.56276811e+02  -6.31632254e+02  -9.67788779e+02
    -1.57502332e+02  -5.95383384e+02  -8.35946382e+02   1.96640366e+02
     4.99803326e+02   6.02488855e+02   7.36499225e+02   4.71818612e+02
     1.47371024e+02  -1.64789460e+02   4.77638743e+02   2.63301053e+02
     1.27854440e+02]]]