[[[   6.20400629 -134.33694692 -204.32345872 -123.41832909  145.04359701
    125.71695005  101.52208136   18.85691092    8.05041097  -12.2007015
      3.30677788  176.29399144  273.65991384  293.6924367  -131.839679
   -257.35161271 -297.91238054]
  [  32.62149107   71.84710661 -116.34762271   -8.71341143   -6.60413495
   -185.66584141  -52.39494357   78.32477379   40.01736755  -60.89980048
    -11.77172767   13.3643525    13.04613508 -108.57176291   94.63645317
    162.84133809   45.39324054]
  [ -98.87907157 -194.54963653 -548.5920969  -856.8434337  -194.75307059
   -549.57789045 -856.59226399  195.37513048  457.70773236  604.32478148
    700.31539626  428.77183342   98.42820991 -180.18709907  430.66017832
    126.43831371 -177.55800482]]]