[[[  -5.41211871 -107.94155748 -117.45483585  -25.48195795   54.17889848
     98.43703466  167.80296412   18.88041576  -17.98969304  -85.02294441
    -63.09679135  113.13184837  214.72845605  123.50508964 -106.0093501
   -150.14729172 -209.14477175]
  [   2.52396663  106.75309708   54.18652963  122.62311127 -101.70521411
   -143.55812434   -1.52138131   28.0926322     7.74570324  -56.2701297
    -25.81492826  -93.91451902 -161.6373522  -241.42652759  128.06617749
    244.7993917   164.02938248]
  [ -77.2226675  -128.97244295 -582.15467293 -907.72963392 -128.93222492
   -545.13777996 -777.86348518  206.07325423  501.63987246  597.91273906
    730.94681293  476.81100086  163.26033426 -102.02069531  473.81727868
    130.57315415 -140.99997242]]]