[[[   7.21624301 -113.26527227  -92.41780577   59.36616859   84.87581977
     56.02141986  117.89096017   27.9565262     8.02665042  -82.26116969
    -64.63930673  115.09247044  219.30255483  122.33686181 -115.09172297
   -167.60145349 -229.89734463]
  [   9.63433558  116.75765685   53.16709156  129.72835618  -97.48895748
   -175.21053218  -44.05011157   36.01367912   12.49162904  -53.85042634
    -19.82359205  -91.27242517 -159.12593371 -239.88578222  135.13722293
    245.47408197  158.30374943]
  [-108.04594628 -128.76813961 -524.85295199 -790.13179181 -127.66883056
   -485.48497493 -756.96107853  188.89135167  539.00427793  601.04452373
    780.89865612  539.13207902  186.17228215  -96.06305761  511.13861836
    182.83747186  -96.66037575]]]