[[[  8.72851020e+00  -8.00987577e+01  -6.23579281e+01   5.21775455e+01
     6.65621088e+01   3.79129541e+01   1.04258562e+02   3.36242595e+01
    -5.74030570e-01  -9.30676400e+01  -7.44828388e+01   9.71165900e+01
     1.98281752e+02   1.00742703e+02  -8.20228470e+01  -1.26896912e+02
    -2.30618901e+02]
  [  8.75212193e+00   1.35471543e+02   9.09812049e+01   1.33191135e+02
    -1.17967226e+02  -1.66770058e+02  -5.82854151e+01   2.59062281e+01
     6.55276848e+00  -4.53545304e+01  -1.98735235e+01  -1.17569477e+02
    -2.04754424e+02  -2.85010782e+02   1.46683917e+02   2.72093592e+02
     2.13778978e+02]
  [ -1.04648014e+02  -1.21580035e+02  -5.12406409e+02  -7.72108223e+02
    -1.22854095e+02  -5.38947290e+02  -7.73935184e+02   1.92472649e+02
     5.56407043e+02   6.03072546e+02   7.94246878e+02   5.31067130e+02
     1.84706119e+02  -9.19830307e+01   5.04887090e+02   1.82728117e+02
    -9.11681808e+01]]]