[[[  21.46688416  -72.28416121  -90.72283412   54.22024151   81.35754037
     43.97214803   70.83247929   42.56789896    8.12416341  -83.32202929
    -65.54429975  109.15940951  209.83072695  112.51978523  -77.84282113
   -158.72101101 -224.90136706]
  [  18.85663169  141.96226983   81.69609626  126.27206863 -104.2489204
   -174.92951405  -66.7218157    35.07100785    8.27762032  -49.88727971
    -22.29800511 -110.19736528 -193.2282637  -268.52942631  143.86414531
    258.60774564  182.24956949]
  [ -95.37286601 -100.90772936 -454.02909729 -776.39604573 -102.34286906
   -512.83570677 -783.86870465  193.72575744  522.2669927   588.65232634
    782.74314981  521.14303118  173.13904319 -104.027797    495.44226261
    172.67181221 -102.41215272]]]