[[[  21.17001532  -64.21082031  -82.39612057   29.62923859   94.02399587
     21.63871375   41.79056374   44.95212571   21.6585236   -71.4271556
    -49.40280468  124.46201726  225.23729137  129.87252148  -95.9370919
   -149.13132645 -247.23470175]
  [  15.62320441  132.31704462   60.46694939  111.82982108 -101.07056902
   -183.69688433  -81.98779717   39.38502967   16.33392756  -46.75210612
    -15.01064661  -95.39331652 -169.15593706 -252.65003654  145.59317012
    254.07373492  171.9471536 ]
  [-103.03007145 -122.29320232 -506.84009855 -765.1053315   -98.25482708
   -530.73169244 -768.79236923  190.07331519  549.12881359  596.89463257
    784.65926133  523.71715445  178.75068069  -93.65423236  497.34240449
    176.32799612  -92.46548906]]]