[[[  43.90229033  -33.42171825  -96.70595561   20.69084524   92.59680295
     44.63490682   33.03666272   62.34290036   18.46529957  -80.48426075
    -64.44679702  116.48249455  220.33470436  117.73198729  -73.77563796
   -126.40478855 -269.21880611]
  [  25.13801544  153.33074425   72.14547391   94.15114509 -103.05455647
   -190.93659922 -108.50521567   44.20730094   16.2631178   -40.76271448
    -12.56327373 -108.49144028 -194.55281016 -276.77950426  157.0453476
    271.14832733  193.1121253 ]
  [-110.10812109 -128.82792373 -415.56171912 -747.14385273 -128.54200247
   -446.27259981 -818.58995341  186.24566972  538.51801496  587.94777545
    780.01010675  513.20312965  182.01650531 -134.86267566  484.66330232
    151.77680831  -90.81275765]]]