[[[  27.44411481  -56.95419773  -42.25713869    3.2519439    97.62514452
     30.66984977   10.1468403    49.55221624   29.0721467   -80.20200697
    -81.22467011  126.48659334  232.41646916  134.83901303  -91.92621114
   -145.27202262 -246.87376042]
  [  18.2103297   142.8049107    81.87598935  114.38959079 -106.38414587
   -181.08810459 -102.21627905   37.37437756   12.50392792  -44.82919061
    -17.93107962 -107.73017435 -188.86711697 -269.82618242  150.67849083
    268.38300304  193.78461313]
  [ -97.51345258 -100.17529213 -518.23857255 -786.57174123 -101.81970014
   -515.44607741 -786.7320275   193.71469685  526.80372402  591.75304928
    789.34012707  526.52916603  177.24984676 -101.62699724  500.0497858
    177.71551323  -56.86375217]]]