[[[  26.33009713  -43.5329603   -27.6752919    20.44273519   79.20001084
      6.1446038    22.70667195   53.59719622   43.25926564  -72.34767032
    -66.26738747  137.01104523  206.48120215  103.90459352  -75.73319016
   -132.163234   -273.7780645 ]
  [  15.64026089  145.82635383   93.84444586  119.72670789 -114.54574818
   -180.01269639 -103.96100674   34.25933562   14.15228235  -37.31691432
    -12.40793361 -112.92272116 -205.54729556 -286.43198936  155.61782728
    271.27029783  200.14458747]
  [ -98.7574247   -99.30322094 -519.9075728  -789.72044005 -101.14189045
   -518.18634045 -789.51927493  192.17902653  531.42813159  594.73905082
    795.99088606  505.66830328  179.28593652  -98.98517985  504.90426492
    182.06754288  -52.44806838]]]