[[[  2.46498986e+00  -1.42676803e+02  -1.81270083e+02  -1.10739127e+02
     1.37189458e+02   1.18301448e+02   9.82409337e+01   1.56325245e+01
    -9.77860272e-02  -1.63992580e+01  -5.21368597e+00   1.68913872e+02
     2.65715086e+02   2.87304574e+02  -1.40030379e+02  -2.35129443e+02
    -2.73006259e+02]
  [  2.39198112e+01   6.26530886e+01  -1.08754206e+02   2.43103184e+00
    -1.48134707e+01  -1.79526153e+02  -4.56193813e+01   7.16799565e+01
     3.69699713e+01  -6.22042630e+01  -1.11774671e+01   1.05931765e+01
     1.81142667e+01  -1.00883363e+02   9.06169481e+01   1.59927419e+02
     4.74148679e+01]
  [ -9.77548904e+01  -1.96474228e+02  -5.58262013e+02  -8.64518705e+02
    -1.97058677e+02  -5.58862993e+02  -8.62651306e+02   1.97847337e+02
     4.64086011e+02   6.12085390e+02   7.09721844e+02   4.35269722e+02
     1.00657710e+02  -1.83096506e+02   4.36481890e+02   1.26861673e+02
    -1.81288285e+02]]]