[[[  24.19579739  -53.21529871  -37.85336621    4.58832385   70.00918356
     31.20062746   10.3809498    51.57182363   34.02157989  -76.56912455
    -78.18027175  128.35348384  200.52380309  134.66247305  -55.58861749
   -140.84833799 -248.05453239]
  [  16.57063936  147.35895874   95.76728938  112.52381266 -114.21757542
   -175.40005476 -103.64021063   34.56722227    8.29001629  -41.2086878
    -18.32120487 -118.30309188 -198.80444825 -279.49811417  151.45368865
    272.22352862  210.91995674]
  [ -93.26600482  -96.92563424 -485.82978362 -795.39530552  -99.21013406
   -484.6293781  -795.98112586  195.31584382  537.9071601   590.99686078
    778.96400574  510.97974287  150.50360039 -140.19559328  512.51391125
    187.71359037  -52.19807558]]]