[[[  30.93898741  -35.51979099  -28.23260067  -18.03228059   74.47892918
     10.9966884    65.90334619   51.07911524   36.98846218  -87.06270335
    -99.78535357  100.61647195  199.27041755  137.22345965  -43.40231865
   -115.66975299 -218.93233148]
  [  14.78929544  150.40945201  106.84672832  123.97647486 -120.83073431
   -162.40214086 -104.03834063   24.4001825    -3.0564654   -45.26833062
    -27.93417627 -133.15760985 -213.32992476 -287.54232419  144.22306285
    277.35586024  234.7062558 ]
  [ -65.81208775 -106.73162864 -515.87133603 -787.57639522 -109.45059161
   -526.22022666 -879.03411664  210.24256921  491.06044148  581.84038097
    718.76641929  464.46429909  118.77234769 -191.84702445  466.09513758
    153.06470961 -114.61899363]]]