[[[  37.39379457  -29.34757936   -8.70773346  113.89292658   79.14173421
     18.14278348  125.67252138   43.63156401    4.73433204 -100.74969223
   -102.01586739   97.05114334  199.87568308  140.59659919  -73.83499789
   -112.44850212 -213.18759524]
  [  11.55246165  144.30915343  112.99459592  158.49317766 -121.20417562
   -159.56575042  -77.06140068   15.11309453  -16.91873605  -59.32393757
    -43.08343016 -141.55185452 -211.12910863 -292.35169871  127.31928274
    259.40814958  217.67349711]
  [ -50.95112622 -137.95248299 -559.3175332  -860.75205457 -139.72621504
   -558.92094784 -860.70112864  220.50156018  451.03401462  581.61486478
    675.55465098  424.63688328   77.86467044 -232.1762866   425.74412033
    110.99055747 -157.22637871]]]