[[[ -14.46350208  -72.54636016  -52.65387605   72.36804213   22.51578032
    -31.99129526   82.85720867    8.76053238    1.84557683 -115.49625137
   -104.19626634   57.70733441  154.06784603   96.17865791  -70.92739745
   -160.26098417 -259.51156139]
  [  15.6936752   159.00416073  131.91811334  164.45697374 -127.61656122
   -145.96071984  -79.71405782   24.24987903  -13.10346906  -34.24862809
    -25.34007716 -147.63424915 -226.73079736 -274.50460759  145.77651119
    306.07126692  253.48713256]
  [ -91.82356663 -171.116163   -598.76028891 -960.49776176 -174.53926754
   -601.78694117 -968.84437546  196.62250768  455.03111185  584.92873612
    681.06310865  424.16341903   79.97920861 -255.95019972  436.53138598
    276.8080494   262.5372075 ]]]