[[[   3.40609818 -123.29278453 -191.42765758 -113.92010786  131.9774683
    111.05399467   97.02710281   17.79637172   22.51964924   -9.98987163
     18.49210101  165.69869637  260.75181839  280.85582153 -146.15623099
   -245.15825204 -285.31462437]
  [  23.21332061   63.05056041 -110.41712972    3.17951531  -16.62392667
   -180.7526762   -44.7159703    73.60331212   41.30363932  -57.75117265
     -4.98016219   13.45433516   14.7863213  -104.83251196   94.74210301
    155.3689263    38.07748741]
  [-102.11700204 -202.27773373 -567.55762816 -871.5098348  -202.52853318
   -568.61384024 -872.22548334  196.2744863   466.55309791  617.00357524
    715.27506657  436.86513224   97.78036129 -187.46675279  439.42885348
    129.59789712 -152.12483869]]]