[[[ -22.94817612  -81.04884373  -57.71960275   72.56595384   10.22646677
     -2.87569742  121.18564621    3.41710874   -5.65545623 -107.0522779
   -104.70184709   73.7772813   139.52574545   76.69245726  -48.22050336
   -160.20529351 -257.40186247]
  [  12.11845199  150.46412881  132.46114893  178.94402834 -126.22700101
   -131.9245546   -61.11633067   19.77505584  -17.28112453  -38.599002
    -30.85235655 -146.54261542 -229.7385963  -272.73155932  136.73514251
    297.67759152  241.12717235]
  [ -80.37947511 -135.14982228 -624.76321283 -972.92810191 -161.19782914
   -629.34713836 -981.45741135  198.03407361  434.26179427  573.40712917
    669.87499888  403.45746227   79.08703367 -204.2218954   439.28773084
    285.47984983  286.05667485]]]