[[[  -9.78750713  -66.77976937  -84.25730511   45.40115237   27.39327075
    -28.20747667   87.58350547   17.47663332    8.65046822 -101.88404548
    -90.78359563   89.58558348  152.16400449   54.39624453  -62.16142445
   -166.67336858 -268.1472785 ]
  [  20.40040482  165.09005602  130.32569839  169.41517611 -124.28903458
   -149.47540008  -74.18302742   28.57139114  -10.41097119  -34.94472576
    -25.30179118 -146.23258753 -236.98572206 -274.20672784  149.74946136
    307.54619425  234.09022762]
  [ -94.68245186 -154.01963619 -611.45969283 -974.038676   -180.08675745
   -615.84280113 -982.47322579  192.94084101  445.60419306  582.25120528
    684.17460865  413.81817346   62.63000811 -191.57236997  427.52539703
    275.62813654  284.40780782]]]