[[[ -12.80971323  -93.09078403 -151.08258489  -28.83369452   45.58998147
    -16.33049731   73.50486936   22.00098884   25.1156441   -88.52037256
    -74.47648483  112.5154046   170.47811667   36.81023994  -55.52903542
   -212.14073614 -310.21558483]
  [  26.63962645  167.15756182  104.39041429  147.68436943 -113.87809479
   -165.96889192  -72.15330201   47.31769822   12.94180885  -23.15891803
     -4.36535178 -121.34754128 -220.85579409 -259.51622938  169.49948535
    302.48703435  198.91413647]
  [-118.64020715 -187.95903475 -615.29233888 -982.20775334 -212.74923191
   -593.65848804 -982.21296342  181.44570739  450.90780923  593.4384549
    694.81443261  419.02514568   89.06777242 -189.42456374  431.11773517
    277.07911885  302.18208642]]]