[[[ -11.38089573  -90.28328884 -178.94511212  -51.25664323   54.7435077
     -7.4349736    81.41369945   18.90977843   29.50865267  -86.43920159
    -68.83024378  119.82428831  177.93053769   44.81843353  -81.33180125
   -234.07168694 -319.81589067]
  [  32.91670401  167.71395998   95.4444101   153.47968934 -101.88037406
   -161.69172983  -59.66633633   52.72798361   15.12943393  -27.64447148
     -6.73924786 -111.83603175 -209.57462233 -251.7999687   165.80703987
    286.56475306  174.03621692]
  [-109.61054658 -168.18459048 -619.64596054 -977.46382391 -192.79097976
   -598.46399389 -978.36723812  182.60097866  439.83674821  581.54653917
    680.89200436  408.09343487   80.80814959 -165.87571961  420.61242264
    272.18946525  301.63676132]]]