[[[  22.82181328  -82.69072306  -99.54775317    7.37880283  109.58985417
     47.59136434  125.06177686   45.69098597    9.52325485  -57.67166217
     -4.19963888  138.12491765  232.65933108  142.57663714 -110.80670857
   -163.27031456 -219.55022105]
  [  13.31685246  124.51852756   47.49935163  127.15363325  -97.88482077
   -170.13193724  -51.47269569   35.00261834    7.78518824  -61.17104532
    -25.20794472  -98.17176954 -173.65191141 -250.32360312  132.40795931
    239.87085788  151.77542038]
  [ -83.545766   -185.15679845 -590.57886864 -900.23325821 -185.60823391
   -589.82715448 -896.31057552  207.54568722  474.2264201   613.28304071
    698.23923847  447.15539339  116.81824008 -136.64565538  423.61624319
    113.53184923 -170.37425328]]]