[[[  14.18474366 -116.12123362 -133.19234566  -47.95042708  122.69084256
     60.86431959  108.34094852   41.74292987   19.65799611  -35.08209524
      9.60805656  157.14853752  283.62196637  162.27033399 -111.6986878
   -201.88553506 -252.9642506 ]
  [  15.22226748  104.45436102   -6.75807323   87.46419738  -74.00983363
   -183.7695979   -49.22299298   51.7718219    28.35463     -55.13103675
     -9.79629653  -55.02123082 -123.5314976  -217.1000081   131.65019512
    223.92464393  108.15009107]
  [ -99.24381372 -191.47827176 -593.63683607 -904.33628413 -215.12829992
   -593.55016046 -899.50228065  197.97630464  456.925005    618.50502295
    707.51839296  452.23611398  121.58153107  -94.3790935   428.25453835
    115.53416032 -167.75902079]]]