[[[  18.16353998  -91.79440034 -128.2567633   -47.94688532  128.00371198
    105.06208904  144.14093402   27.98192862   12.23716698  -39.74149813
    -24.68801386  154.17184772  289.53159057  241.67219225 -150.66506301
   -246.437818   -288.83654007]
  [  18.72510569   83.63681216  -18.67504928  109.11546531  -46.18660598
   -149.61772934    0.9925393    47.73706147   12.55429825  -77.20362262
    -32.28345514  -41.1967219   -79.12936648 -188.23561175   94.15693273
    178.41733702   65.45933748]
  [ -84.49295406 -180.41662953 -616.97416046 -914.50417228 -179.70750565
   -615.76454821 -910.23085942  206.75287026  460.54120666  608.76034649
    708.04389402  434.92129784  131.53037838  -86.55837265  409.38660449
    122.94434053 -159.03875289]]]