[[[  19.14153582  -94.30813844 -126.57617509  -61.02627352  136.68594989
    150.48208484  153.48847262   24.98121086   15.05298417  -28.47350172
    -20.44854539  162.07589212  268.46018615  253.19343131 -155.42403079
   -256.56283389 -332.63080491]
  [  18.37848037   61.34116792  -53.31475264   84.61062606  -24.584212
   -142.75925689   17.27503755   55.99986692   23.01893651  -72.789872
    -21.93284616  -13.02151159  -50.31687224 -170.76591326   85.46889016
    155.66447386   31.04463022]
  [ -99.14966496 -193.37760414 -636.02269507 -927.99111663 -215.11052018
   -607.63536613 -913.14443661  202.23693311  470.37255552  622.20926827
    725.80500261  444.61923256  133.56903074  -57.77360371  417.40462602
    122.56636314 -166.83309321]]]