[[[  4.02065453e+00  -1.19774904e+02  -1.36191133e+02  -1.18888374e+02
     1.46745984e+02   1.81101750e+02   1.19333743e+02  -1.06462827e+01
    -7.64297275e+00   5.69615397e+00  -4.67622204e+00   1.40981074e+02
     2.83040708e+02   3.16564918e+02  -1.85903963e+02  -2.97322536e+02
    -3.16922703e+02]
  [  5.85576665e+00  -2.53113648e+01  -1.53852525e+02   6.36877903e+00
     3.70229002e+01  -9.85332571e+01   4.18412885e+01   6.25283211e+01
     4.44350508e+01  -5.49724570e+01   7.26908933e-01   8.89962005e+01
     1.26179452e+02  -3.37679053e+00   2.65942501e+01   1.48702272e+01
    -1.19418097e+02]
  [ -1.10933650e+02  -2.14745648e+02  -6.64802300e+02  -9.47208151e+02
    -2.12852976e+02  -6.35722435e+02  -9.39140165e+02   1.93884176e+02
     4.60609261e+02   6.27069559e+02   7.20481731e+02   4.34314992e+02
     1.47128556e+02  -4.03976806e+01   4.31385519e+02   1.13911914e+02
    -7.80057447e+01]]]