[[[  4.13462983e-01  -1.30205887e+02  -1.50919989e+02  -1.21924000e+02
     1.40942818e+02   1.69732844e+02   1.16811041e+02  -4.33328675e+00
    -1.16914101e+01   2.90174274e+00  -1.02268462e+01   1.68676855e+02
     2.83234348e+02   3.06229021e+02  -1.63472111e+02  -3.05214205e+02
    -2.97085437e+02]
  [  6.52053662e-01  -1.22124642e+01  -1.45685745e+02   1.54656032e+01
     1.35165725e+01  -1.23895747e+02   3.49605477e+01   6.78028014e+01
     6.03112470e+01  -4.14255166e+01   2.16542969e+01   8.38278118e+01
     7.67949508e+01  -6.30043015e+01   5.85795585e+01   4.50007586e+01
    -9.25349124e+01]
  [ -1.29596298e+02  -2.29057353e+02  -6.82775824e+02  -9.74382919e+02
    -2.53048399e+02  -6.83037936e+02  -9.72550225e+02   1.86459053e+02
     4.59678097e+02   6.42103530e+02   7.48174622e+02   4.31913292e+02
     1.44465963e+02   2.99659303e+01   4.30909653e+02   1.38832633e+02
    -4.66219091e+01]]]