[[[    3.44888454  -134.32938765  -117.83952037  -116.45277628
     142.91100031   177.84953061   110.60063689   -12.00957829
     -18.53953986     4.10332827   -15.87516641   166.95173059
     289.87175032   318.76660782  -174.84904054  -323.40242362
    -311.5155412 ]
  [   -7.64075994   -41.06680726  -164.68008054     2.17554728
      25.7852917   -108.11393902    43.74291608    64.75660011
      66.53178831   -33.39285186    32.34208352   109.99713839
     117.47825091   -21.2554613     44.68013119     2.94303437
    -135.2486302 ]
  [ -144.1808561   -252.50033212  -723.99516408 -1004.15025546
    -276.98162353  -694.78263265  -994.40111661   178.91350715
     463.52741544   648.87928081   738.36888352   436.40032067   171.673999
      59.35299704   434.56598771   139.56898772    20.46368684]]]