[[[ -8.78764106e-02  -1.34207994e+02  -1.54777875e+02  -1.30127043e+02
     1.40718961e+02   1.71915072e+02   1.13731215e+02  -1.00713487e+01
    -1.75975026e+01  -2.39081449e+00  -1.65153567e+01   1.65990874e+02
     2.82823851e+02   3.08262268e+02  -1.71534132e+02  -3.13605665e+02
    -2.61472501e+02]
  [ -3.61181749e+00  -2.32066595e+01  -1.49227018e+02   2.64347436e+01
     1.59830272e+01  -1.18590986e+02   4.85594763e+01   7.23741794e+01
     7.85952041e+01  -2.14002950e+01   4.83489241e+01   1.07602128e+02
     7.88634802e+01  -7.61932072e+01   6.62166990e+01  -1.19404976e+00
    -1.51367714e+02]
  [ -1.53552451e+02  -2.60139745e+02  -7.25018668e+02  -1.00452638e+03
    -2.84696740e+02  -7.24982899e+02  -1.00442016e+03   1.67646348e+02
     4.46024937e+02   6.39401273e+02   7.41620771e+02   4.19340699e+02
     1.59664596e+02   1.22855396e+02   4.17006329e+02   1.01817916e+02
     1.18056968e+02]]]