[[[   6.8936305  -131.83890718 -211.55336293 -118.26898137  139.43415062
     80.57327124   83.12130411   28.95755359    6.97803269  -28.82854669
     -1.73091498  168.09827328  271.50370275  286.9211504  -127.59492885
   -218.22545479 -262.56501224]
  [  23.71055074   91.85574356  -80.06000249    9.6197712   -44.43464519
   -203.17787063  -73.45353914   69.57588023   38.63420708  -54.79130244
     -6.21263068  -19.15287091  -42.31936141 -150.30264151  121.78995938
    212.54736557  112.1290969 ]
  [-101.56045777 -199.17118245 -554.62218976 -865.35198736 -199.27243564
   -554.93278414 -863.48673255  195.80818397  455.78754651  612.56025387
    721.34035946  427.55775832  122.02289036 -183.18809769  427.71229381
    121.79410571 -184.23189592]]]