[[[ -2.43241670e+00  -1.36396046e+02  -1.61155404e+02  -1.18453178e+02
     1.36097605e+02   1.26813372e+02   1.01536698e+02  -2.26708839e+00
    -1.49016978e+01  -3.89999854e+00  -1.53617464e+01   1.67005666e+02
     3.42657406e+02   2.97339173e+02  -1.67434760e+02  -3.13648062e+02
    -2.61015506e+02]
  [  1.59985378e+00   4.88040147e+00  -1.50802057e+02   1.44298642e+01
    -1.68068492e+00  -1.51988152e+02   1.07217002e+01   8.30147694e+01
     9.74836181e+01  -7.23699397e-01   7.38459507e+01   1.04572171e+02
     4.04032218e+01  -1.26680640e+02   1.04928419e+02   2.85802742e+01
    -1.32585011e+02]
  [ -1.67502571e+02  -2.86130676e+02  -7.09394434e+02  -9.82948778e+02
    -2.86200668e+02  -7.09335075e+02  -9.84410783e+02   1.46693133e+02
     4.29948372e+02   6.15487491e+02   6.96211557e+02   4.03319315e+02
     1.03367486e+02   1.97231162e+02   4.02627331e+02   9.98769189e+01
     1.96785186e+02]]]