[[[  -1.78358533 -133.64801545 -195.94418412 -128.14130079  138.69188209
    126.93517386  108.40076927    3.28384673  -10.83329011   -5.90409526
    -12.16434683  171.53979729  349.10260543  299.34972133 -162.95036069
   -311.14073837 -258.93824441]
  [   2.11873408   17.23177467 -142.19184903   23.75889547  -12.99429917
   -164.03869154    2.91393573   85.30110043  102.40992859    3.65847112
     77.45072969   97.97513711   15.46177608 -148.22873998  120.2832866
     42.75861856 -123.1107925 ]
  [-174.29770673 -295.19244628 -718.38844023 -986.44943067 -294.92009229
   -717.99273281 -988.56188178  140.99846354  422.21914783  609.72567013
    688.29858092  396.69666729  127.28575627  227.41208922  394.64182271
     94.19202194  224.21228642]]]