[[[  -4.16119831 -142.12564672 -170.89232212 -120.14763565  130.75081361
    117.93686767  100.35927536    3.37731354   12.6040649     1.23455391
     12.85026999  166.06805686  342.22691519  291.37355298 -169.53008492
   -320.28858364 -270.9739038 ]
  [  -4.66094237    7.77114566 -141.5707389    23.17707593  -17.09302218
   -162.70712473    3.06166328   81.67833869  103.73831269    6.55097574
     82.75405548  100.23279785   15.03575247 -146.60645103  119.99905496
     47.52581537 -118.27959926]
  [-175.27081842 -296.89605373 -723.52858425 -991.76555194 -297.22960075
   -723.64124912 -993.45427724  140.68471606  424.64949325  614.78508194
    692.73019204  398.25083108  126.56064457  229.1988497   397.7437494
     97.11862067  226.0316756 ]]]