[[[ -9.57374185e+00  -1.50079384e+02  -1.74284087e+02  -1.38544469e+02
     1.20158480e+02   1.46574283e+02   9.87957345e+01  -1.08412004e+01
    -4.59664705e-01   5.39370196e-01   1.33884185e+00   1.50842943e+02
     3.29969763e+02   3.18037378e+02  -1.80905121e+02  -3.26109716e+02
    -2.35083716e+02]
  [  3.20274910e+00  -4.65466513e+00  -1.51656790e+02   2.32936397e+01
     1.10601755e+01  -1.38024679e+02   2.67774928e+01   8.46356716e+01
     1.02420055e+02   5.43277647e+00   7.93852173e+01   1.20423269e+02
     4.51783015e+01  -1.29675160e+02   9.66486635e+01  -7.89855821e+00
    -1.68420076e+02]
  [ -1.77127972e+02  -2.98290630e+02  -7.19578187e+02  -9.83283750e+02
    -2.99280935e+02  -7.20128618e+02  -9.84669790e+02   1.35411152e+02
     4.13398672e+02   6.00864631e+02   6.77602548e+02   3.87265516e+02
     1.20911684e+02   2.57009104e+02   3.87462403e+02   9.26108665e+01
     2.53490410e+02]]]