[[[   3.4440841  -138.84824667 -178.00075263 -104.45750168  130.81219556
    110.71929111  109.43372614   19.25070036   24.78329093  -20.65045422
     -7.37916621  157.78382233  255.2154835   273.26605898 -135.3606253
   -226.50391661 -266.48743498]
  [  20.35394948   68.7203683   -78.7413191    33.4300857   -28.01246078
   -165.10986913  -21.64458013   62.21917324   26.53531367  -67.710193
    -19.55304115   -9.52230351   -6.44646459 -123.57912741   90.0021839
    164.4456068    53.52930514]
  [ -82.75744392 -171.75660334 -555.67190652 -865.01828282 -173.03612392
   -586.51458921 -872.45744011  204.28270057  466.3539106   605.95466715
    704.41984206  437.5548966    86.90794934 -189.40242507  417.91872946
    115.43082763 -156.12772364]]]