[[[  -1.73724173 -126.77180315 -187.23492702 -123.57934156  136.40513631
    126.08636537  107.94787491    3.33851443   -7.93439834   -3.17539693
     -8.70563592  169.01131784  347.10048548  292.87574991 -155.50708954
   -335.86627455 -249.45892639]
  [  -7.6376722     5.4117209  -136.28408278   32.42300318  -20.68705409
   -157.17270012   11.37271382   83.64762138  120.30077582   28.4059409
    105.27968171  114.23604967  -11.46526055 -176.6485805   133.81149378
     22.69981282 -147.15329201]
  [-195.71987876 -320.48287234 -732.33394791 -973.29062444 -319.98248235
   -731.87969991 -974.16689356  109.70428803  378.81952372  571.99038679
    637.77040897  355.8362071   134.79803295  376.60559768  353.59164688
    101.00479926  339.38326515]]]