[[[  -3.56521027 -139.05154594 -167.25368703 -117.12943249  119.17604871
    140.12473619  108.75358861    4.00006138    7.60738449    2.74431577
      8.02331517  152.88177745  322.69545596  268.82115604 -137.16951142
   -312.78543388 -263.06969574]
  [ -11.17208908   -1.85484076 -133.38273309   33.4172508   -20.4893241
   -150.62970729   19.54746832   81.1119943   118.58410548   29.61073072
    106.7336969   113.34896452  -12.8681395  -180.9683096   130.37636026
     26.72284058 -147.9251185 ]
  [-189.98185379 -311.0652406  -718.32247432 -953.68457649 -311.50155462
   -718.39037712 -953.29944601  108.8305356   377.98130542  565.00996387
    633.63143523  354.40302369  106.90541578  375.52776538  353.50265032
     76.62527226  338.79116163]]]