[[[ -4.03284089e+00  -1.35404895e+02  -1.57738335e+02  -1.20195072e+02
     1.29082327e+02   1.56290298e+02   1.04621057e+02  -6.60689564e+00
    -1.80640976e+01   1.18076919e+00   1.14534238e+01   1.58255847e+02
     3.01084924e+02   2.85061155e+02  -1.66450474e+02  -3.09420663e+02
    -2.54149511e+02]
  [  1.67475269e+00  -6.52282966e+00  -1.62357512e+02  -2.59790273e-01
     9.87234787e+00  -1.46900858e+02   1.43868338e+01   8.96489005e+01
     1.15487685e+02   2.27746512e+01   1.00171514e+02   1.29481303e+02
     3.97597158e+01  -1.37773811e+02   1.10078332e+02  -4.79631356e+00
    -1.75510836e+02]
  [ -1.83452315e+02  -3.00146679e+02  -6.81693312e+02  -9.42861143e+02
    -3.01082081e+02  -7.09550698e+02  -9.52668871e+02   1.19085083e+02
     3.99211567e+02   5.78188090e+02   6.59277054e+02   3.49774069e+02
     8.41409221e+01   2.83351281e+02   3.74269632e+02   6.21137774e+01
     3.22181195e+02]]]