[[[ -3.14402236e+00  -1.33431219e+02  -1.53412093e+02  -1.26375125e+02
     1.32553418e+02   1.62710252e+02   1.04940817e+02  -1.19373545e+01
    -1.85165299e+01   6.33233616e-01   1.19727327e+01   1.29978994e+02
     3.02523763e+02   2.93020017e+02  -1.67723632e+02  -3.07603409e+02
    -2.52072294e+02]
  [  1.12778509e+00  -1.74817142e+01  -1.58205129e+02   1.58258355e+01
     1.97372959e+01  -1.25873961e+02   3.61721177e+01   8.20585980e+01
     9.80195714e+01   3.25373113e+00   7.63624478e+01   1.24674023e+02
     6.60948090e+01  -1.09278423e+02   8.41399285e+01  -1.77701339e+01
    -1.81105345e+02]
  [ -1.69787559e+02  -2.88137596e+02  -7.05862336e+02  -9.65960262e+02
    -2.88107549e+02  -7.05740065e+02  -9.67816040e+02   1.37889210e+02
     4.16928103e+02   5.97846299e+02   6.78759560e+02   3.90767335e+02
     9.46826350e+01   2.25574666e+02   3.90752792e+02   6.99724341e+01
     2.56813296e+02]]]