[[[  -1.67836074 -129.05074453 -148.6122979  -122.86590476  134.05798441
    164.3315963   104.64022746  -11.28612616  -17.20970019    1.01067502
     13.70507939  129.78111912  271.03273733  292.9160385  -164.42988845
   -299.88862443 -246.63329954]
  [  -1.12331682  -22.07303442 -157.27448859   16.25328883   19.82641695
   -124.53495749   36.82430138   80.64039705   96.69319489    3.72877786
     77.09281088  124.66938001   61.91162866 -113.01853276   81.43083129
     -8.15975377 -174.7781326 ]
  [-167.20665107 -284.41338775 -700.04182229 -956.86182846 -283.84685231
   -699.44956007 -956.94326376  137.53014095  417.05924591  595.18745818
    677.46965315  391.74140746   97.15367097  261.51237452  389.99779765
     40.40866299  221.1516114 ]]]