[[[  -3.19360384 -135.79644338 -157.14410768 -119.34703884  134.8941738
    162.62149223  107.7056817    -6.71234954  -15.92804762    1.23792133
     13.91467137  163.82739432  273.29008109  292.0580325  -167.34558516
   -307.80541099 -256.58625049]
  [   7.01741054   -2.1948515  -166.22183909   -3.89039258   16.2296823
   -155.47845842    1.09101588   90.39258664  102.35899384    4.29167314
     80.11554205  118.68836435   58.64848522 -113.73677807   98.59727266
     16.33053824 -152.87686208]
  [-167.67004718 -270.6170407  -684.71674871 -959.21528521 -295.17233327
   -685.46370582 -959.67263725  144.1845299   442.40475439  611.75295826
    707.57734844  390.70733437   82.10172557  172.44745902  391.15732478
     59.56361079  211.82222466]]]