[[[  -2.61776826 -131.85949786 -152.20738727 -115.75306166  136.1332117
    164.11118247  107.75603746   -5.58947877  -11.28561902    5.03330401
     18.37873094  166.11375668  269.26385516  251.58176787 -161.48248637
   -300.62739602 -248.12011827]
  [  13.44313659    4.23894017 -167.31315637   -8.26411137   22.64734134
   -153.21022064    1.61073866   92.9107937    99.67287277    1.44687995
     76.0216494   115.19240308   57.02107161 -113.42205495   96.50512235
     14.19104294 -153.0431635 ]
  [-161.94950283 -261.64732034 -669.65842098 -943.33201764 -286.10902047
   -670.95798565 -945.22601262  145.73835282  418.04613002  605.76221147
    703.54436154  389.27712745   53.54646801  138.43225854  415.54118688
     64.15219551  215.24751706]]]