[[[  1.13634136e-01  -1.29462455e+02  -1.50424367e+02  -1.12643469e+02
     1.35808638e+02   1.62766243e+02   1.13190833e+02  -4.52656643e+00
    -1.17729624e+01   2.39719714e+00   1.70255136e+01   1.63896751e+02
     2.65971870e+02   2.48610575e+02  -1.60162543e+02  -2.96800118e+02
    -2.45457144e+02]
  [  1.55081752e+01   6.89054088e+00  -1.56752520e+02   6.25298732e+00
     2.41258165e+01  -1.43952781e+02   1.39380511e+01   8.94131522e+01
     9.14327940e+01  -6.05410558e+00   6.61668037e+01   1.06804927e+02
     5.29166734e+01  -1.16284506e+02   8.99734217e+01   1.32820310e+01
    -1.53707560e+02]
  [ -1.52259358e+02  -2.60054893e+02  -6.68656081e+02  -9.40417208e+02
    -2.59816527e+02  -6.68938398e+02  -9.41953714e+02   1.50462346e+02
     4.34310473e+02   6.00795933e+02   6.92753575e+02   4.06361313e+02
     4.94614825e+01   1.30708633e+02   3.84148930e+02   5.70671470e+01
     2.05937483e+02]]]