[[[  10.63392856 -111.20913064 -180.78659166  -93.87015408  130.32738637
    107.401321    120.63435407   24.9063381    21.88365735  -30.26429327
    -12.60259166  154.5167202   254.21173527  270.40616627 -136.60561906
   -226.86723798 -270.67581548]
  [  22.14780727   80.50319301  -59.31244883   50.48034557  -36.20756433
   -164.56595441  -18.89907668   58.85489468   21.49156525  -70.38651183
    -24.57233884  -25.36166285  -34.52764276 -144.5725294    95.35159596
    175.04063218   68.65390764]
  [ -82.91431478 -174.6410435  -560.88140476 -869.37258404 -174.92745936
   -591.12254539 -876.82785025  205.49731756  465.60075884  605.36522192
    704.04955672  438.00682206  112.28621817 -190.63116327  416.44355002
    114.47728482 -159.34598236]]]