[[[  -1.94571402 -135.0846127  -157.96151757 -118.31244631  130.38335996
    157.0624616   108.97276685   -6.18776061  -18.39937624   -2.04686079
     10.35405215  158.26694984  262.17150064  243.1120692  -166.63691998
   -270.56281838 -212.70514852]
  [  11.03536774    4.28458635 -147.25442885   23.18829236   17.78615739
   -138.90245719   24.61843899   87.66888321   94.84623707   -1.31209096
     73.10456882  108.09307331   43.19361133 -126.11669111   91.89573365
     -1.47584113 -165.26627534]
  [-158.92463374 -271.4954363  -687.26854149 -951.0092741  -271.48279013
   -687.15420472 -952.574278    145.97251631  431.67653372  602.01722008
    692.82658976  404.61572479   73.61368568  162.76581249  380.59803102
     50.90493389  235.89709246]]]