[[[  -3.59912903 -135.55704586 -157.55919966 -118.38289498  129.56270365
    156.5958539   103.4799733    -6.3642561   -18.53306981    1.72369639
     11.40218558  157.83580501  264.83687527  284.51818586 -166.61430822
   -273.10707739 -253.38090834]
  [   5.2240905    -4.02521524 -160.65702262    1.03442942   14.47340842
   -144.51820263   16.28867016   88.12902962  102.16064185    7.62872289
     83.79335876  118.3875487    49.25767967 -126.23997595   97.07121187
     10.47352272 -159.2084646 ]
  [-167.76294976 -282.69773545 -667.32524489 -938.92016928 -283.37612552
   -694.97700434 -947.74387152  137.08026711  420.25124165  596.89489913
    681.68043043  393.61078888   67.03627712  226.43534834  393.43520363
     40.28942891  223.46163606]]]