[[[ -3.79120751e+00  -1.36743931e+02  -1.58598667e+02  -1.21893774e+02
     1.25982361e+02   1.52073492e+02   1.02902244e+02  -6.91068013e+00
    -2.08458551e+01   7.18940436e-01   8.63550596e+00   1.53778694e+02
     2.90785940e+02   2.78706923e+02  -1.67559490e+02  -2.73763276e+02
    -2.52451696e+02]
  [  7.92606911e+00  -1.11203395e+00  -1.54234365e+02   1.24845475e+01
     1.69641847e+01  -1.37113286e+02   2.35036669e+01   8.63227255e+01
     9.72854108e+01   2.80429069e+00   7.69181405e+01   1.14267618e+02
     4.70109590e+01  -1.27885607e+02   9.26728150e+01   4.41476334e+00
    -1.63139558e+02]
  [ -1.62838948e+02  -2.75205780e+02  -6.83609920e+02  -9.44659700e+02
    -2.75404023e+02  -6.83507978e+02  -9.45956510e+02   1.39199223e+02
     4.17003077e+02   5.92255496e+02   6.74522844e+02   3.90851980e+02
     7.08680311e+01   2.26652221e+02   3.90266366e+02   4.27055384e+01
     2.23289187e+02]]]