[[[ -3.52552714e+00  -1.39112865e+02  -1.63637608e+02  -1.17232998e+02
     1.28432520e+02   1.52115921e+02   1.04572916e+02  -1.37597163e+00
     1.08618439e+01   1.91020960e+00   1.12075607e+01   1.59808781e+02
     2.59325740e+02   2.38043641e+02  -1.66942660e+02  -2.72147976e+02
    -2.17954898e+02]
  [  1.55114681e+01   1.65909647e+01  -1.54844890e+02   4.93771904e+00
     1.44319810e+01  -1.60388820e+02  -3.28772263e-01   9.36366088e+01
     9.69337434e+01  -1.91587170e+00   7.33598217e+01   1.02239579e+02
     3.56611495e+01  -1.31238949e+02   1.02462296e+02   2.94264240e+01
    -1.36474453e+02]
  [ -1.58605893e+02  -2.60023305e+02  -6.69930804e+02  -9.46244338e+02
    -2.84671791e+02  -6.70970236e+02  -9.46459318e+02   1.50936610e+02
     4.45385147e+02   6.13405346e+02   7.07533273e+02   4.16748359e+02
     5.57035352e+01   1.38650594e+02   3.94119737e+02   5.92140688e+01
     1.72934596e+02]]]