[[[  -3.94582649 -144.47002917 -168.54682253 -123.63995637  128.37993505
    155.51443641  106.16962032   -6.43823559    2.73815602   -2.55601573
      4.21636134  155.62588595  263.48725925  243.52091895 -178.12984928
   -277.24690688 -185.0893451 ]
  [  22.18539686   12.88539661 -155.75478599    7.45435788   31.4854022
   -142.83096386   18.53557252   90.86610981   81.38223262  -20.70708409
     49.49640089   99.40797357   50.79483643 -106.76921917   77.36645727
     18.90438901 -135.65721308]
  [-147.0254864  -260.717474   -656.13571015 -951.97227208 -260.70071832
   -683.34219895 -960.23709723  166.52749309  458.36159761  625.75638569
    725.06946392  432.00855951  144.07801645  111.11144317  403.00494145
     20.31845408   63.7871456 ]]]