[[[  12.55008959 -112.67996506 -162.80758341  -68.57697529  114.2932576
     54.29100033  115.55099475   40.38199653   16.57200167  -28.58182561
      7.56849158  175.56679837  232.02211466   69.53320563 -107.0948833
   -191.24162802  -96.02281007]
  [  24.00804555  110.03993756   -5.89873413   97.11044333  -62.02384428
   -161.80287443  -18.86398476   53.66138918   23.11022795  -57.41491897
    -13.54334     -57.08320959 -117.97397573 -165.94942032  119.67102669
    175.7390385    36.71462428]
  [ -71.39437661 -136.91507576 -589.97786118 -884.36272456 -161.48877962
   -617.89767919 -889.96084563  203.01759822  442.27903191  591.38884608
    684.45759995  413.58499151   80.10219807  -98.98907988  415.29483293
     83.14328771 -101.31444585]]]