[[[ -1.93524573e+00  -1.37731341e+02  -1.62882176e+02  -1.16211544e+02
     1.27599732e+02   1.50796165e+02   1.08163079e+02  -9.71146520e-01
     8.98486047e+00  -1.71633778e-01   9.40800794e+00   1.56888345e+02
     2.52911135e+02   2.01433617e+02  -1.66810403e+02  -2.64729916e+02
    -1.75868025e+02]
  [  2.93529653e+01   2.97830712e+01  -1.44181913e+02   1.56276342e+01
     2.89228647e+01  -1.48455886e+02   9.60213309e+00   9.31280878e+01
     7.88960054e+01  -2.13082526e+01   4.77833314e+01   8.58314376e+01
     3.12503181e+01  -1.25954303e+02   8.53168483e+01   3.12969345e+01
    -1.26891277e+02]
  [ -1.34426036e+02  -2.36733295e+02  -6.45632490e+02  -9.26734785e+02
    -2.36741935e+02  -6.45518802e+02  -9.26598265e+02   1.66815331e+02
     4.32488219e+02   6.08897839e+02   7.13698565e+02   4.27984354e+02
     6.57963179e+01   8.37477770e+01   4.03541468e+02   3.25812351e+01
     8.01007085e+01]]]