[[[  -5.39821997 -141.32652852 -164.09748275 -126.02989583  128.30622024
    155.86830599  105.22565451   -6.92057193    8.45314587    5.5416951
     10.6642441   158.54182095  256.32719098  209.88632117 -170.94232686
   -270.88138933 -180.79952181]
  [  28.8742881    19.29406124 -147.5480021    14.27016861   38.45451655
   -131.24126896   22.84623121   85.77711128   62.05074788  -41.24624389
     22.42269377   81.77429841   60.9125657   -84.89505019   59.32706524
     23.09330213 -115.03240604]
  [-121.63316836 -224.89753819 -643.91329797 -936.6071248  -225.15295821
   -644.21276114 -938.10101548  185.7034347   455.73384573  627.43996615
    741.37029083  426.57036821  104.16686791  -13.8823481   426.69802305
     77.87834042  -16.35965302]]]