[[[  -6.12658024 -142.94551386 -165.71939273 -124.34425894  129.26871454
    157.36467994  104.33603902   -6.69106876    8.70067039    6.14418951
     10.93655875  160.2215615   258.56208815  211.80594975 -172.43615451
   -273.3730741  -182.3860878 ]
  [  31.33156515   21.97229864 -157.81119192   -3.47630741   40.69083241
   -140.02414104   12.55506343   90.35101187   66.83738055  -37.45060835
     27.20361953   86.37155128   64.82669738  -82.72765805   63.91829225
     26.89553617 -112.30161797]
  [-125.84829643 -229.97123737 -621.01606436 -927.53087316 -230.85760462
   -649.48574423 -937.30041934  183.39499557  456.2948392   628.66648168
    744.49638108  426.81462414  101.35591218  -17.69852901  427.15423459
     75.24662382  -20.13025437]]]