[[[  -6.32500634 -143.4105767  -166.14598869 -125.55254573  129.54169258
    157.93217822  103.72832271   -6.87051183    8.41437177    7.02528026
     11.1087177   160.41331985  259.94491325  212.5297324  -173.24228966
   -274.45774993 -182.62832078]
  [  30.52535776   19.94670355 -159.62750341   -4.12880626   41.10401477
   -139.32878815   14.61182383   90.9813197    69.3751515   -34.69821663
     30.89619934   89.74699661   61.22843882  -88.77167724   65.06071785
     26.42985468 -114.23047784]
  [-128.91799834 -233.97737432 -626.4469062  -932.17831804 -234.79665384
   -654.97430806 -941.44000365  181.21441145  455.0475644   628.93854063
    744.38945298  425.75802614  101.39690978   15.40982152  425.77461984
     72.50419299  -22.48402446]]]