[[[   4.35734394 -122.68111567 -159.04732438  -93.63696393  123.91918243
    101.88165863  107.5592342    20.72019364   16.13864662  -19.50709886
     10.44635357  151.18749123  278.51065422  267.80001281 -146.10356428
   -239.7356675  -282.3163277 ]
  [  19.50366891   67.52388359  -75.58851282   35.7133895   -28.51653754
   -165.10647119  -20.03987839   60.97999392   27.11988452  -67.77948099
    -18.29944017   -8.38092609  -10.45132964 -127.89591478   90.19703612
    165.88908766   52.12354617]
  [ -88.67413079 -183.28924587 -546.6297597  -867.72856845 -184.84225156
   -602.50053101 -882.33106836  202.18687206  463.6689013   610.5498668
    705.18479393  435.45001734  107.44082278 -168.66951338  436.146625
    109.09785229 -168.70593513]]]