[[[   3.53431937 -124.39833589 -158.15072122  -96.27926633  124.98064823
    104.75722028  101.64428613   16.182882     15.5278073   -15.18444453
     11.25675655  151.57685894  279.00472307  270.18806069 -148.5875632
   -243.02063172 -283.13482304]
  [  17.75245096   55.99978521  -93.06862756   26.81811269  -20.49488965
   -165.83951     -27.84255292   63.95444639   32.04415597  -64.55037173
    -13.2969177     6.35533049   13.02009191 -105.87449836   85.01941203
    153.0732589    35.70021271]
  [ -90.4431907  -185.71506044 -574.05330484 -874.14209999 -185.93993608
   -574.17448236 -873.17745085  201.17159687  464.96151248  612.35108397
    707.52411751  436.74885311  107.37878403 -170.07349829  437.10291946
    108.11944494 -170.21658063]]]