[[[  -7.22395497 -143.01568496 -166.67813639 -130.93275017  128.41331937
    157.75027145  105.01950635   -6.59014022    8.99992159    6.71795457
     11.29022328  160.1665207   259.29943749  213.30409593 -172.05477078
   -273.9789487  -183.49624897]
  [  32.44108104   23.00090812 -140.75299204   17.67613278   41.88125219
   -123.97996561   35.49254394   83.81998961   55.27816176  -47.79897132
     12.67862637   76.07241513   59.77675051  -85.1149682    53.52332546
     20.87857761 -115.90920303]
  [-114.40234344 -202.16443269 -624.91788229 -926.74632555 -227.96301958
   -654.18170761 -936.01936348  187.94904108  455.8934392   618.54022193
    718.8558792   426.97602328  102.1022396   -18.26260247  427.44392073
     75.95996585  -20.6521097 ]]]