[[[  -8.81000609 -144.80433516 -167.01147565 -142.26271981  124.89200105
    156.42235095   99.52401881  -12.65735822    3.62299225    6.66635277
      7.22868382  154.03464108  259.41275259  246.14295598 -176.493006
   -277.66287491 -185.78468598]
  [  24.27893455    4.44174084 -132.60497975   41.65811446   44.11613292
   -100.26042703   63.48728612   75.49639383   51.4071918   -49.27728636
     10.95957125   83.88106413   68.53267913  -81.68864543   38.8740116
     -5.32346856 -141.58402077]
  [-119.61196341 -213.28339584 -670.4562172  -954.41546748 -238.09987133
   -670.84244007 -954.89458493  184.98324591  447.0298512   619.15850294
    710.31352603  444.20130329  128.41353934   52.4577385   418.09018649
     68.15795139    4.32381524]]]