[[[   1.85721668 -126.1290851  -157.61575077 -100.10025912  129.83955282
    111.92979978   95.80273677   13.83527626   18.23079604   -8.78303024
     15.27670562  157.28590296  256.78162888  279.60203521 -150.70870265
   -247.57266486 -286.92021793]
  [  16.61282607   45.34439342 -119.5938382    -5.21664036  -12.11874062
   -174.12942525  -35.95060627   70.83410536   43.47389944  -55.48043329
      0.88546697   25.78789508   34.67038053  -86.13080955   85.80633858
    142.55915697   22.40135847]
  [-102.74408736 -192.74420605 -557.72443371 -871.59688703 -216.14834526
   -584.56352429 -877.65765499  196.70045489  477.1637476   623.47477753
    726.58873669  448.29360277  110.76977356 -172.51309184  426.19846934
    112.01021553 -172.69431806]]]