[[[ -6.21265147e+00  -1.41455804e+02  -1.62792629e+02  -1.24072045e+02
     1.24217427e+02   1.50068996e+02   1.02585845e+02  -8.33635709e+00
     4.91237750e+00   2.09520147e+00   6.64432655e+00   1.52795375e+02
     2.86292903e+02   2.73310652e+02  -1.71112552e+02  -3.03584718e+02
    -2.19296353e+02]
  [  2.78559075e+01   1.87983738e+01  -1.59132604e+02  -1.19264981e-01
     3.69134486e+01  -1.44550131e+02   6.24386097e+00   9.23365234e+01
     8.09141646e+01  -1.88188514e+01   4.89081692e+01   1.00967580e+02
     6.08061303e+01  -1.08689323e+02   7.87060034e+01   1.96686435e+01
    -1.41874184e+02]
  [ -1.39383491e+02  -2.40052474e+02  -6.42976984e+02  -9.25767053e+02
    -2.40239519e+02  -6.43163964e+02  -9.26663611e+02   1.60352323e+02
     4.21843247e+02   5.99720924e+02   7.00676954e+02   4.17597467e+02
     6.38544716e+01   1.11904197e+02   3.93918476e+02   3.14095164e+01
     1.08264263e+02]]]