[[[  -7.34848939 -141.94672401 -163.14825707 -127.08856951  123.76847324
    150.06563221  100.10486823   -9.12336778    5.43950493    5.03632674
      7.85352969  153.23636421  287.7312323   273.77968547 -171.04778916
   -306.02993895 -219.70171285]
  [  22.29545802   11.94026699 -160.51499836    2.2309977    32.65065979
   -142.44992196   11.94128758   91.71044778   87.89026748  -10.83072075
     59.28840257  108.32071896   54.36583699 -119.25225461   83.06971606
     13.7583423  -147.62068549]
  [-148.8258358  -254.44286901 -659.90542312 -938.35991612 -254.89980226
   -660.52891251 -938.86696744  153.56267865  434.9787992   599.81962393
    691.90067342  407.20696389   56.14886237  166.98040568  384.66882647
     54.47664573  132.5022681 ]]]