[[[  -6.23667621 -142.06353088 -164.06071907 -127.39451584  124.63481743
    151.07139499  101.86190584   -8.5782548     4.59644811    3.03262362
      6.85652283  153.37280762  291.79320276  276.45685852 -172.65754825
   -308.79311342 -221.20714062]
  [  17.60950659    7.14193662 -158.19225719    7.82309369   28.0770882
   -140.81695576   17.28168522   90.37802596   92.28243619   -5.66740025
     65.8970366   111.89169046   47.95838288 -125.33693317   86.9091519
      9.37303556 -153.7810323 ]
  [-156.34170428 -265.73026391 -675.57360926 -949.09371796 -265.91761434
   -675.80284439 -949.38423679  148.11967786  430.14699083  599.30327775
    689.13833986  403.35598118   79.7465229   204.4153327   379.28161029
     49.51386935  160.13027435]]]