[[[ -6.07046530e+00  -1.40854863e+02  -1.62831329e+02  -1.26393702e+02
     1.23629455e+02   1.49873860e+02   1.01072016e+02  -8.54470178e+00
     4.52670079e+00   2.56373106e+00   6.65131687e+00   1.52116695e+02
     2.90397841e+02   2.74189791e+02  -1.71370747e+02  -3.07185945e+02
    -2.19142776e+02]
  [  1.55572397e+01   5.38090751e+00  -1.57030572e+02   9.42240943e+00
     2.57335847e+01  -1.40228963e+02   1.84629904e+01   9.04494690e+01
     9.67104005e+01   4.57405230e-01   7.31217671e+01   1.15283543e+02
     4.32321280e+01  -1.32114914e+02   9.09294394e+01   4.29490258e+00
    -1.60835073e+02]
  [ -1.60861909e+02  -2.70590852e+02  -6.77652234e+02  -9.44693783e+02
    -2.70791632e+02  -6.77909587e+02  -9.45109928e+02   1.41023545e+02
     4.21029769e+02   5.90933071e+02   6.78428370e+02   3.94664154e+02
     7.53614937e+01   2.32524437e+02   3.70824907e+02   4.59160532e+01
     1.95335907e+02]]]