[[[  -1.82292241 -136.88637381 -161.98285277 -116.86743238  127.60497544
    151.15522927  109.23035467   -1.2104171   -19.78226606   -2.05475663
      8.8546527   156.54672256  291.3679573   237.65364493 -167.12969403
   -272.21406923 -215.18792631]
  [  13.21419477   13.28493617 -146.55640098   18.79567555   13.14346395
   -148.8534427    15.02061083   90.66144638   99.40799185    3.42276698
     78.00248867  105.44560577   19.8812755  -149.54128537  103.38334008
     19.21457465 -147.92724211]
  [-161.57960159 -272.64508322 -683.21546668 -947.11543723 -272.57774985
   -682.55305148 -946.11725215  141.03862226  423.82761513  594.34617888
    682.69013403  397.98004416   76.86669065  234.83933682  372.43077763
     43.36780728  196.41149056]]]