[[[ -2.66774400e+00  -1.39113419e+02  -1.64295224e+02  -1.17520334e+02
     1.29069560e+02   1.53206070e+02   1.07420507e+02  -9.36796373e-01
    -2.01554415e+01  -3.26367503e-01   9.37693241e+00   1.58615030e+02
     2.94882784e+02   2.41128296e+02  -1.69519736e+02  -2.75210160e+02
    -2.17984691e+02]
  [  1.67536765e+01   1.57064494e+01  -1.58393687e+02  -8.60030859e-01
     1.78009138e+01  -1.56652697e+02   5.80597662e+00   9.51391492e+01
     1.01888333e+02   4.03265057e+00   7.90641437e+01   1.09293310e+02
     2.40430816e+01  -1.46666391e+02   1.04880440e+02   2.75295001e+01
    -1.39364818e+02]
  [ -1.63580032e+02  -2.75426087e+02  -6.59868539e+02  -9.40978348e+02
    -2.75892943e+02  -6.86872951e+02  -9.47388628e+02   1.42280646e+02
     4.29095920e+02   5.99810152e+02   6.91090313e+02   4.02921966e+02
     7.77014240e+01   2.36868274e+02   3.76834845e+02   4.09812454e+01
     1.56235635e+02]]]