[[[ -5.33722964e+00  -1.41089868e+02  -1.62518741e+02  -1.19976113e+02
     1.28954204e+02   1.56351508e+02   1.05529551e+02  -8.82165452e+00
    -2.33739282e+01  -5.71540243e+00  -2.32048759e+01   1.56100725e+02
     2.93917694e+02   2.83441478e+02  -1.73554018e+02  -2.75855917e+02
    -2.19168260e+02]
  [  2.44334360e+01   1.64316220e+01  -1.68148795e+02  -1.39210642e+01
     3.24352576e+01  -1.51948479e+02  -5.41219798e-02   9.57695957e+01
     9.07529353e+01  -8.62494341e+00   6.28546138e+01   1.09047715e+02
     6.14448521e+01  -1.12944569e+02   8.72898329e+01   1.81578946e+01
    -1.44053292e+02]
  [ -1.48012616e+02  -2.50511672e+02  -6.32814243e+02  -9.25191585e+02
    -2.51132235e+02  -6.59896666e+02  -9.32892025e+02   1.55106960e+02
     4.26854211e+02   6.04368140e+02   7.12456839e+02   4.00123827e+02
     6.53818620e+01   1.46934637e+02   3.97725592e+02   2.54386143e+01
     1.08310266e+02]]]