[[[  -6.81785532 -140.70478344 -162.16896318 -122.6645431   127.456327
    155.47169633  102.05149113   -7.67006055  -20.11660648    5.08454695
     10.60121733  157.43362077  288.64134763  241.94230738 -169.79933463
   -272.78932706 -215.96750163]
  [  33.45865255   23.39118387 -166.32585837  -13.80727484   43.52612907
   -144.06206468    7.55826525   96.81554495   82.36807766  -17.47823689
     50.53172623  102.76489651   58.08158869 -113.52921023   78.32126999
     18.14966286 -140.70672366]
  [-137.47161476 -236.740311   -616.12660088 -909.68199701 -237.69305467
   -643.85954505 -918.58086334  160.07161613  432.42064775  596.20167142
    691.17591556  404.33117736   37.1517284   119.96031109  404.73447322
     34.30419184   84.63957131]]]