[[[ -8.36664627e-01  -1.25989494e+02  -1.12510054e+02  -9.36427480e+01
     1.32181744e+02   1.26337733e+02   9.01947065e+01  -4.46352639e+00
    -1.11017221e+01   2.84682919e+00  -1.05280191e+01   1.55401729e+02
     2.53380337e+02   2.89226257e+02  -1.55541366e+02  -2.55871286e+02
    -2.84985860e+02]
  [  7.09157635e+00  -2.14751543e+00  -1.53532856e+02  -2.21853095e+01
     1.63306649e+01  -1.35328559e+02  -6.56721488e+00   6.54086558e+01
     4.33814669e+01  -5.46303409e+01   4.34086936e+00   6.59493386e+01
     1.12216860e+02  -1.14471395e+01   4.59247471e+01   7.32035681e+01
    -4.81940876e+01]
  [ -9.94598055e+01  -1.85999756e+02  -5.83656881e+02  -8.82504628e+02
    -2.09319915e+02  -5.84326727e+02  -8.82435947e+02   1.98230692e+02
     4.66007189e+02   6.27026051e+02   7.40547805e+02   4.37004095e+02
     9.55896607e+01  -1.65048905e+02   4.37704797e+02   1.21472825e+02
    -1.62466880e+02]]]