[[[ -1.54207699e+00  -1.36932644e+02  -1.61770058e+02  -1.15480980e+02
     1.32553182e+02   1.56930664e+02   1.10433743e+02   4.61168486e-01
    -1.53427084e+01   2.24283058e+00   1.37299906e+01   1.63272949e+02
     2.93884676e+02   2.46640080e+02  -1.65511012e+02  -2.71934365e+02
    -2.55520756e+02]
  [  3.02490738e+01   3.05136130e+01  -1.59125845e+02  -1.16160499e+01
     2.99845400e+01  -1.56879800e+02  -2.98893939e+00   9.48225198e+01
     8.08467313e+01  -1.96626672e+01   4.81115215e+01   9.02692648e+01
     4.78416140e+01  -1.18709848e+02   8.96174427e+01   4.57650525e+01
    -1.19038224e+02]
  [ -1.35737874e+02  -2.34711839e+02  -6.15399193e+02  -9.11462143e+02
    -2.35505174e+02  -6.42972322e+02  -9.19938337e+02   1.62979392e+02
     4.36736380e+02   6.00708608e+02   6.96487104e+02   4.08587589e+02
     3.81199064e+01   8.73742118e+01   4.08878544e+02   3.76728277e+01
     8.66732792e+01]]]