[[[ -3.46215169e+00  -1.35101759e+02  -1.55310563e+02  -1.15647546e+02
     1.33958150e+02   1.62235709e+02   1.10211440e+02  -7.13096237e+00
    -1.65115228e+01  -8.06373866e-01  -1.58368317e+01   1.61641582e+02
     2.97497052e+02   2.89078873e+02  -1.66538754e+02  -3.02503171e+02
    -2.52608764e+02]
  [  2.97886765e+01   1.99996906e+01  -1.71445704e+02  -2.32588867e+01
     3.95776680e+01  -1.50787939e+02  -3.05790709e+00   9.52562200e+01
     8.32889518e+01  -1.67276163e+01   5.05891638e+01   1.04082159e+02
     6.85906591e+01  -1.04610662e+02   8.18849749e+01   3.01991164e+01
    -1.33897122e+02]
  [ -1.38311863e+02  -2.36355917e+02  -6.13244844e+02  -9.10175351e+02
    -2.36782642e+02  -6.40478927e+02  -9.17741074e+02   1.59122116e+02
     4.30577215e+02   5.95361472e+02   6.88868618e+02   4.03283305e+02
     3.88400538e+01   1.18650865e+02   4.02592509e+02   3.50644632e+01
     8.41793004e+01]]]