[[[  -2.35498113 -138.07879079 -160.30547055 -117.5457821   133.0142572
    161.16153371  111.17010045   -6.4511032   -20.22919903   -5.26555196
    -20.3670125   160.2389776   300.30464096  291.88681473 -171.22150862
   -277.93198958 -258.47225313]
  [  20.57882061   12.81717556 -164.02153502   -8.95260305   28.34047169
   -146.40118359    9.09366962   91.74273696   88.81379323   -9.67223171
     60.86361917  106.669312     61.9822127  -111.13159555   87.50328577
     18.7316789  -147.59957448]
  [-148.77790107 -253.20985241 -640.04757167 -928.02054041 -253.59788407
   -667.44116918 -936.76178187  152.82975684  427.79485969  599.18717909
    691.01617997  401.48878879   66.04575065  148.96441385  399.37213039
     28.91992542  145.41728639]]]