[[[  -3.78466325 -137.6021475  -158.78738886 -117.18976916  131.46145478
    159.40085784  108.36431791   -7.17539264  -18.94967938   -2.54517564
    -18.77014654  159.47368724  294.74090919  287.66795797 -168.89091733
   -274.363701   -255.38088641]
  [  25.66736693   17.75004631 -166.73547412  -15.48387789   33.58469329
   -147.73563675    3.37715473   93.34294351   84.73404408  -14.12578707
     54.94265127  103.62743593   67.75680485 -106.41118658   83.61072279
     22.95319828 -141.55617534]
  [-140.94912429 -240.90198407 -621.73160188 -913.61617539 -241.60099796
   -649.21617351 -922.37871005  157.29228203  430.91286804  597.14421797
    690.97837018  403.58118591   36.36507668  117.26083128  403.0193185
     33.81585664  116.9319599 ]]]