[[[  -2.75561873 -138.83132042 -160.54108596 -116.9352472   133.45699542
    161.67788761  111.78557147   -6.73884432  -19.50447924   -3.86643515
    -19.59291699  161.23634168  298.26808677  291.83636881 -171.17740595
   -277.51657358 -259.31189813]
  [  27.08248012   19.32749356 -167.23709583  -16.81723557   34.83747098
   -149.3198712     1.4604129    93.27527301   81.74625916  -18.47147542
     49.77457171  100.91539065   71.439651   -100.43902883   81.34520186
     26.62725217 -136.12789298]
  [-137.27638309 -235.54400721 -620.46966395 -918.08329529 -236.0010936
   -648.06867272 -926.53541159  162.90387117  443.06447551  603.72622902
    705.84853472  415.7051754    43.7020869    92.0143974   385.57232531
     39.48132611   91.26962193]]]