[[[ -6.58015847e-01  -1.35438813e+02  -1.59819143e+02  -1.11100566e+02
     1.31790911e+02   1.55462750e+02   1.11907344e+02  -8.38615599e-01
    -1.79702448e+01  -7.82331890e+00  -1.94432750e+01   1.59475445e+02
     2.92398037e+02   2.82754652e+02  -1.66177617e+02  -2.68874978e+02
    -2.54157725e+02]
  [  2.97491032e+01   3.21520803e+01  -1.57929152e+02  -1.26652232e+01
     2.73461319e+01  -1.61574513e+02  -1.15531817e+01   9.43312497e+01
     8.03289436e+01  -1.91114409e+01   4.83819514e+01   8.89571799e+01
     5.41991406e+01  -1.15697980e+02   9.11761688e+01   4.96438048e+01
    -1.17734264e+02]
  [ -1.33543072e+02  -2.29864084e+02  -6.05657145e+02  -9.00931902e+02
    -2.30334057e+02  -6.32128654e+02  -9.08042528e+02   1.61668768e+02
     4.33910186e+02   5.95245510e+02   6.91036245e+02   4.07243200e+02
     4.12211395e+01   8.90108222e+01   4.04954335e+02   9.74627363e+00
     8.58041786e+01]]]