[[[  -2.18463654 -135.98210168 -156.88527958 -114.51571054  135.85950242
    164.2241383   114.23801558   -6.58342785  -16.79309677   -3.17663777
    -16.84967091  163.39123771  300.84360105  292.61278027 -168.35434683
   -305.99657608 -256.07018789]
  [  30.33093138   21.84729981 -170.73950442  -22.74232026   38.81456652
   -153.54309493   -5.58647485   95.45327304   82.63472471  -18.24947404
     48.92888122  102.30832857   71.58671603 -100.33078595   82.7020326
     30.10866114 -133.90748474]
  [-137.09031158 -233.79810753 -614.28067144 -914.28629796 -234.05179942
   -641.68232223 -922.08181736  161.70492037  439.27831564  599.24048886
    700.04905866  411.9478124    43.08498665   91.36840227  382.31965398
     40.3514       90.90857205]]]