[[[  -2.35391418 -135.81070414 -156.57634478 -115.15718634  135.55474826
    164.08450519  113.1773053    -6.73013479  -17.10299629   -2.33514283
    -16.71843727  162.87146922  301.0447183   292.35860656 -168.38664184
   -305.8432462  -255.47567699]
  [  29.401509     19.7615865  -171.82176276  -23.36039282   39.0414371
   -152.23753258   -3.61561816   95.67161615   84.82561866  -15.38904511
     52.42624499  105.23545875   67.76523671 -105.89349667   83.53466606
     29.53156909 -135.29776103]
  [-139.54485331 -236.71551161 -616.87570641 -914.76234485 -236.89966111
   -644.20883252 -922.01686462  158.76298809  436.04703304  596.74516941
    696.67627069  409.03299555   42.69999808  123.91280434  379.09745518
     37.33990716   88.644583  ]]]