[[[  -2.10040385 -135.50514757 -156.457597   -114.2978022   135.44706768
    163.78082027  113.78984763   -6.61578574  -16.86600785   -3.41717233
    -16.95302196  162.84694696  300.86069512  291.74466509 -167.96679343
   -305.8539795  -255.07764781]
  [  28.49109698   20.01837397 -170.5594856   -21.42639373   36.96382496
   -153.38270918   -4.16346325   95.91061344   87.14500059  -12.57801326
     55.93432679  106.13958405   67.1047142  -107.54775041   86.61288006
     25.71481227 -140.77428809]
  [-141.99024717 -239.51761182 -619.26285893 -914.48848972 -239.77183242
   -646.65322506 -922.29503734  155.76836234  432.71810032  594.12910495
    693.15526648  405.6942567    39.64858173  121.61162233  376.12262777
     36.99963981  121.16771034]]]