[[[  4.56911920e+00  -1.18399062e+02  -1.06133928e+02  -8.52453219e+01
     1.37245119e+02   1.31569504e+02   9.97214834e+01  -7.03886951e-01
    -7.63324160e+00  -4.16173556e-01  -7.83832779e+00   1.35339611e+02
     2.56631732e+02   2.58403345e+02  -1.50556631e+02  -2.49679817e+02
    -2.78948304e+02]
  [  1.81821083e+00  -7.04396826e+00  -1.41476112e+02  -9.43071008e+00
     1.06803820e+01  -1.22697060e+02   1.40203140e+01   5.80837231e+01
     3.62247471e+01  -6.07655360e+01  -4.87333754e+00   5.68972911e+01
     1.03680325e+02  -7.30224119e+00   4.01864853e+01   7.26485838e+01
    -4.00883310e+01]
  [ -9.57854098e+01  -1.97923993e+02  -5.75251254e+02  -8.78410203e+02
    -1.97713301e+02  -6.06214576e+02  -8.87270750e+02   2.00630473e+02
     4.76703505e+02   6.24174193e+02   7.27417881e+02   4.49342418e+02
     1.37305380e+02  -1.80490965e+02   4.20278818e+02   1.34079278e+02
    -1.80999191e+02]]]