[[[  -1.95494685 -134.93442458 -156.19040213 -115.6500334   134.99205422
    163.42255114  112.46391198   -6.43922673  -17.8003004    -3.71447804
    -17.46428737  161.7339215   302.77886473  292.13374491 -168.267794
   -306.00454296 -254.39938506]
  [  22.94532526   13.30532907 -168.48617125  -15.56976105   32.58532874
   -149.21170502    3.92959787   94.06917688   91.73917327   -6.66852896
     63.3467267   110.83240858   58.34365732 -116.37533472   89.54884292
     21.69956002 -146.51380765]
  [-150.79063197 -253.9643096  -635.65070467 -923.72313253 -254.07962311
   -662.75457787 -931.25510684  148.64518613  420.52607578  591.6845993
    681.3392269   394.57952905   64.75465454  180.15899126  392.37843595
     26.8573478   142.10557589]]]