[[[ -5.58224297e-01  -1.35042633e+02  -1.57014681e+02  -1.14031861e+02
     1.36210109e+02   1.64636431e+02   1.15855852e+02  -5.89689106e+00
    -1.81336236e+01  -6.37609311e+00  -1.85715368e+01   1.62596045e+02
     3.05568543e+02   2.94216957e+02  -1.69358844e+02  -3.08754124e+02
    -2.56352642e+02]
  [  2.15071427e+01   1.32195855e+01  -1.67186441e+02  -1.35980189e+01
     2.97947064e+01  -1.51486055e+02   2.88283810e+00   9.45095056e+01
     9.55269300e+01  -2.34930085e+00   6.87496105e+01   1.12742231e+02
     5.65989216e+01  -1.19217863e+02   9.42132194e+01   1.70266760e+01
    -1.53279260e+02]
  [ -1.54314111e+02  -2.56796222e+02  -6.40580524e+02  -9.26196439e+02
    -2.56733537e+02  -6.67781059e+02  -9.33954684e+02   1.44812243e+02
     4.21648743e+02   5.89094545e+02   6.84082866e+02   3.96047317e+02
     6.57200920e+01   1.83444343e+02   3.64662388e+02   2.86605196e+01
     1.79804856e+02]]]