[[[ -3.87158056e-01  -1.35389130e+02  -1.57528892e+02  -1.13529593e+02
     1.36693440e+02   1.64989355e+02   1.17077893e+02  -5.75586538e+00
    -1.78440820e+01  -7.23638185e+00  -1.87287551e+01   1.63330262e+02
     3.05759671e+02   2.94852678e+02  -1.69544216e+02  -3.09306997e+02
    -2.57283333e+02]
  [  2.24712127e+01   1.53422640e+01  -1.66305618e+02  -1.29870525e+01
     2.96001660e+01  -1.53000071e+02   8.96930272e-01   9.44098247e+01
     9.34392716e+01  -5.23859862e+00   6.53091368e+01   1.09931315e+02
     6.05300501e+01  -1.13753515e+02   9.34967535e+01   1.76271099e+01
    -1.52077829e+02]
  [ -1.52037061e+02  -2.54185045e+02  -6.38789774e+02  -9.26909883e+02
    -2.54192477e+02  -6.66094477e+02  -9.35225117e+02   1.47966657e+02
     4.25451221e+02   5.92370886e+02   6.88366318e+02   3.99497557e+02
     6.62024383e+01   1.50807808e+02   3.68382436e+02   3.17379792e+01
     1.82358962e+02]]]