[[[  -2.6698782  -138.34072488 -160.09848779 -116.70763024  133.03694268
    161.22553505  111.33044825   -6.77106701  -19.57457701   -4.10847717
    -19.69371772  160.681663    298.27461056  290.94753324 -170.77567402
   -277.38817995 -258.29492315]
  [  25.22660625   17.48226512 -167.05131247  -15.49348404   32.9709531
   -149.15541722    2.89038501   93.73508196   86.29795167  -12.74342063
     56.84559578  104.78105386   66.91071299 -107.72211409   85.29207158
     22.1925948  -143.05372776]
  [-142.21802846 -241.30734889 -625.46698902 -918.24291356 -241.76474929
   -653.05318158 -926.70514604  156.90074073  436.4165812   598.53352686
    698.85013426  409.36818956   40.22947176  122.5491388   379.29425791
     36.09583159  121.82075017]]]