[[[   5.15982374 -134.38797078 -163.66469395 -107.38084234  140.06452817
    162.20139059  125.2305413     7.39977821  -14.86471006  -10.93192418
    -17.56290527  168.68350256  307.01306576  255.57247716 -166.99471092
   -275.15858149 -260.90139178]
  [  24.99360604   35.81351614 -146.78098258    1.04750945   14.17370473
   -167.1253638    -6.16655891   92.8138017    84.35639467  -16.47440027
     52.56334661   81.46462623   22.33681788 -139.61895113  104.51099944
     64.99125531 -103.51081857]
  [-142.34978981 -244.94658864 -636.27346203 -933.40321778 -244.78066556
   -663.11352126 -938.83228215  161.62244216  443.28436626  607.67362451
    709.12151542  417.34509321   77.05138735  126.38959184  383.92894538
     33.88716243   86.45489053]]]