[[[  4.99508317e+00  -1.31057934e+02  -1.56640470e+02  -1.04878325e+02
     1.41466827e+02   1.66734697e+02   1.23887824e+02   2.57056959e+00
    -1.42499638e+01  -9.89920301e+00  -1.61952139e+01   1.67688901e+02
     2.73168772e+02   2.57192726e+02  -1.65289675e+02  -2.68727780e+02
    -2.54090887e+02]
  [  2.49528054e+01   2.62165656e+01  -1.53805593e+02  -3.97954973e+00
     2.36890515e+01  -1.57721764e+02   8.85923365e-02   9.24771173e+01
     8.21264804e+01  -1.79173840e+01   5.15090306e+01   8.83946403e+01
     4.24970883e+01  -1.19806973e+02   9.27288856e+01   4.84513253e+01
    -1.19900319e+02]
  [ -1.37682624e+02  -2.38479136e+02  -6.27758423e+02  -9.22605370e+02
    -2.37883174e+02  -6.54457732e+02  -9.29295079e+02   1.63865624e+02
     4.46547783e+02   6.07717502e+02   7.11173696e+02   4.20546499e+02
     7.69705915e+01   9.51848023e+01   3.86959210e+02   9.98184523e+00
     8.88610759e+01]]]