[[[   3.71579647 -130.06659695 -154.76457133 -104.71376623  139.37116737
    164.28626437  120.16768969    1.85310778  -13.09711383   -7.34327927
    -14.73455287  166.21417677  267.9140645   252.43291277 -162.54588232
   -265.0263184  -249.98355007]
  [  28.39310955   29.48409931 -155.9253169    -8.57292049   27.30212639
   -158.52148508   -3.69998914   94.42652681   82.06121329  -17.16503112
     51.9686963    88.90045909   44.27409363 -121.88240321   92.25879433
     47.8187567  -121.12072945]
  [-134.72383628 -231.88697697 -614.21649546 -907.9842942  -231.63232422
   -640.99025341 -914.69560925  162.25020689  442.61970326  600.02702162
    703.56457074  415.91206081   43.40937724   94.33651186  384.40430937
     11.82929947   91.32728054]]]