[[[  -1.57666686 -135.78306554 -157.84437525 -114.19580184  136.16645488
    164.65508528  114.0272844    -6.29512498  -16.85593114   -4.54117048
    -17.50917612  163.82876811  269.14492544  294.74938349 -168.39655249
   -274.4579292  -257.69758747]
  [  21.30646605   14.30601924 -162.30421156   -8.96679038   28.30691679
   -149.32588878    3.66577893   90.85458248   83.830951    -15.10749459
     54.82152371  101.02819463   69.4974715  -101.99579219   83.96692438
     25.49272145 -139.7723703 ]
  [-139.98366298 -240.19273873 -628.50608135 -921.01367364 -240.58087189
   -656.47770979 -929.47250652  160.70984732  443.15619414  605.18302973
    707.55770922  415.55739209   39.60027748   89.81054621  385.74237182
     39.63411055  124.92506147]]]