[[[  -1.7491053  -135.59515591 -157.51379109 -114.83776379  135.84252701
    164.49641445  112.93602      -6.44399115  -17.16978165   -3.68337002
    -17.37356244  163.28311496  269.33515417  294.46053079 -168.41272026
   -274.28666434 -257.06606568]
  [  20.36145143   12.18377146 -163.39332404   -9.60051017   28.53913739
   -147.98334451    5.66863995   91.06965496   86.05299342  -12.19465127
     58.37491938  103.99913085   65.60026988 -107.64910767   84.80591793
     24.90435371 -141.17187194]
  [-142.46793866 -243.13703232 -631.08062542 -921.40448367 -243.45426601
   -658.97948849 -929.31136666  157.69875449  439.82060336  602.57995353
    704.0504244   412.54687296   39.20568134  122.93962318  382.42189823
     36.56409016  122.59440724]]]