[[[  -1.69497028 -136.39444184 -158.88549166 -116.03847878  136.70219796
    165.83882646  114.09924124   -6.41241245  -17.35324071   -3.80115416
    -17.57695341  164.48689819  272.1371185   297.72931023 -169.65192724
   -277.07830922 -259.95398725]
  [  19.44406351   11.28494013 -161.93951675   -7.82757173   27.60319284
   -146.63406855    7.44343808   90.30297768   86.22246049  -11.85634242
     58.56657466  104.16112252   64.53431209 -108.12715289   84.96667956
     23.47206245 -142.0519249 ]
  [-143.24640685 -243.05950129 -634.27361787 -922.86154916 -243.38086021
   -662.47840151 -930.8300408   156.87754561  415.10592947  601.69429779
    710.74860618  417.45500549   42.59833059  128.17453044  386.98942826
     39.92141856  127.83291754]]]