[[[  8.75544852e-01  -1.33272528e+02  -1.55405565e+02  -1.11955094e+02
     1.40468213e+02   1.69584793e+02   1.19387347e+02  -5.09171574e+00
    -1.66256029e+01  -6.46839593e+00  -1.68537027e+01   1.65943887e+02
     2.77563622e+02   3.00716813e+02  -1.68899047e+02  -3.05788501e+02
    -2.57432382e+02]
  [  2.35872281e+01   1.37751510e+01  -1.64827772e+02  -1.32515580e+01
     3.33993097e+01  -1.50150035e+02   1.79989262e+00   9.18643075e+01
     8.37416276e+01  -1.58059981e+01   5.26250428e+01   1.03022776e+02
     6.34179924e+01  -1.05014895e+02   8.32348857e+01   3.31200269e+01
    -1.34640088e+02]
  [ -1.40920765e+02  -2.39836696e+02  -6.28560987e+02  -9.22442382e+02
    -2.39261180e+02  -6.55674518e+02  -9.28957391e+02   1.59307638e+02
     4.15761196e+02   6.01316007e+02   7.10088967e+02   4.19410935e+02
     7.99193619e+01   1.32507994e+02   3.86075999e+02   1.17746518e+01
     9.08126648e+01]]]