[[[  17.54885051 -105.44140179 -111.33742769  -41.42561798  138.69492258
    118.92040492  147.66559745   28.11796938   -1.65150458  -39.50623141
    -11.61233048  137.87647779  262.86706269  249.05047716 -135.54958233
   -229.12722837 -312.68986996]
  [  21.51702175   85.3264811   -15.17344045  105.50981654  -42.29240906
   -143.39491381   11.85052455   45.69310174    2.62228265  -85.8030684
    -41.99625653  -50.47790086  -69.59980497 -185.60930126   85.72398926
    178.5955128    73.69862455]
  [ -83.33382049 -173.06567553 -576.35903203 -890.8709106  -196.63409536
   -607.58974243 -894.97798465  208.41148936  463.00976005  610.2264519
    708.7759126   435.75662566  102.1398573  -155.75846878  435.87923662
    128.70055403 -152.87658919]]]