[[[ -9.17520239e-01  -1.35189065e+02  -1.57242237e+02  -1.13043500e+02
     1.36086130e+02   1.64596875e+02   1.14435439e+02  -5.86813885e+00
    -1.78344737e+01  -5.49381822e+00  -1.82505833e+01   1.62666249e+02
     2.68811127e+02   2.94514121e+02  -1.68725426e+02  -2.72648216e+02
    -2.56784501e+02]
  [  2.44372974e+01   1.64179390e+01  -1.62475143e+02  -1.18095399e+01
     3.24566602e+01  -1.48116579e+02   2.67916339e+00   9.13754817e+01
     8.10086604e+01  -1.75735856e+01   5.10860412e+01   9.93481680e+01
     6.82910023e+01  -1.01974110e+02   8.09763760e+01   2.98095764e+01
    -1.36279224e+02]
  [ -1.35556711e+02  -2.31793004e+02  -6.17916039e+02  -9.10091964e+02
    -2.31817298e+02  -6.45340229e+02  -9.17860922e+02   1.61663522e+02
     4.18698198e+02   6.00182848e+02   7.11071081e+02   4.21118202e+02
     4.72098208e+01   9.89447901e+01   3.89691592e+02   1.55031755e+01
     9.58701912e+01]]]