[[[  3.33585244e-01  -1.36345174e+02  -1.61539657e+02  -1.11161878e+02
     1.33408529e+02   1.57666448e+02   1.14024059e+02  -7.71619370e-02
     1.09765279e+01  -5.88443522e+00  -1.90055587e+01   1.61570665e+02
     2.64821779e+02   2.86374631e+02  -1.67559415e+02  -2.71402078e+02
    -2.58966698e+02]
  [  2.50889645e+01   2.67508438e+01  -1.56055103e+02  -8.61902663e+00
     2.34270920e+01  -1.59684103e+02  -6.62052984e+00   9.23583750e+01
     8.15967605e+01  -1.72560354e+01   5.18362348e+01   8.95949663e+01
     5.07528463e+01  -1.17847274e+02   9.18278624e+01   5.09013876e+01
    -1.18053261e+02]
  [ -1.34966966e+02  -2.31910562e+02  -6.14712432e+02  -9.08580455e+02
    -2.32151354e+02  -6.42083414e+02  -9.15870797e+02   1.62298047e+02
     4.43025458e+02   6.00959673e+02   7.04379817e+02   4.16028277e+02
     4.32755165e+01   9.38602824e+01   3.85273146e+02   1.29238353e+01
     9.11739793e+01]]]