[[[  1.56065606e+00  -1.37436582e+02  -1.63524321e+02  -1.11428405e+02
     1.35411765e+02   1.60012377e+02   1.17650558e+02   6.10487437e-01
     1.02032470e+01  -8.41982658e+00  -2.05351944e+01   1.62973164e+02
     2.70032401e+02   2.91675542e+02  -1.70384969e+02  -2.75207636e+02
    -2.63219793e+02]
  [  2.15929326e+01   2.34367808e+01  -1.53935070e+02  -4.02178996e+00
     1.97490907e+01  -1.58901719e+02  -2.87434890e+00   9.03741659e+01
     8.16546178e+01  -1.80105506e+01   5.13739335e+01   8.90994849e+01
     4.90764527e+01  -1.15705769e+02   9.22914616e+01   5.15832596e+01
    -1.16782933e+02]
  [ -1.37932335e+02  -2.38509302e+02  -6.28274735e+02  -9.23224102e+02
    -2.38416280e+02  -6.55580596e+02  -9.30501962e+02   1.63915575e+02
     4.46963170e+02   6.08671620e+02   7.12008308e+02   4.20668516e+02
     7.68680190e+01   9.47017383e+01   3.87843725e+02   1.10918285e+01
     8.87027458e+01]]]