[[[  1.34503448e+00  -1.37711798e+02  -1.63612931e+02  -1.12376487e+02
     1.35517134e+02   1.60282092e+02   1.16976447e+02   4.77356048e-01
     9.92733483e+00  -7.43678402e+00  -2.03508429e+01   1.62923383e+02
     2.70115862e+02   2.92222191e+02  -1.70821730e+02  -2.75011264e+02
    -2.63479431e+02]
  [  2.25268484e+01   2.31811419e+01  -1.55201874e+02  -6.01036792e+00
     2.18725604e+01  -1.57707583e+02  -2.25650990e+00   9.01070302e+01
     7.93084813e+01  -2.09239228e+01   4.77563185e+01   8.81721699e+01
     4.96987356e+01  -1.14103165e+02   8.91812427e+01   5.54880518e+01
    -1.11089158e+02]
  [ -1.35387390e+02  -2.35558079e+02  -6.25596055e+02  -9.23150831e+02
    -2.35393530e+02  -6.52841047e+02  -9.29871455e+02   1.66910432e+02
     4.50200034e+02   6.11121221e+02   7.15345414e+02   4.23919147e+02
     7.99627994e+01   9.69997128e+01   3.90747621e+02   1.14458331e+01
     5.54261978e+01]]]