[[[   2.73119737 -139.39744151 -168.87851028 -111.35938311  133.48637405
    154.08174305  118.21055969    5.92114536    8.69909296  -11.65399057
    -22.78562518  161.98577576  300.41048999  287.11689666 -171.26371402
   -276.83928669 -266.61579479]
  [  25.51015551   37.02258938 -148.98186445   -5.71890788   13.9977295
   -171.56537663  -16.74307502   92.07196704   80.59725419  -20.19493995
     47.51498395   79.00106094   33.50828904 -129.19420099  101.67079304
     74.62663245  -93.24394768]
  [-135.34464519 -233.84365023 -620.25372277 -920.73068145 -233.89612121
   -646.94019408 -926.54971535  165.91000296  446.82109078  607.24476492
    710.22919786  420.97425362   81.05693316   96.82783065  387.43730979
     10.85477692   55.03436379]]]