[[[   4.5662363  -131.30347878 -156.54979973 -106.56196518  141.37981396
    167.01347205  122.33727086    2.30566709  -14.81435411   -7.93623471
    -15.82678498  167.30191354  273.60848584  257.62267515 -165.87035445
   -268.6032605  -253.95832799]
  [  24.96732927   23.85332799 -156.35558907   -6.58633693   26.0813367
   -155.35290288    2.69330533   92.53087908   82.17421392  -17.92784702
     51.53897372   90.62832576   39.24212111 -123.9653035    90.60048793
     51.7591514  -115.88147283]
  [-137.76269847 -238.68931064 -628.1906266  -923.70054905 -237.95007618
   -654.77136206 -929.2770752   163.96094054  446.80752202  608.0709932
    711.58735857  421.13015872   79.73940374  130.79044543  386.84524909
      7.2636127    53.36248364]]]