[[[  5.58108529e+00  -1.34770885e+02  -1.63573792e+02  -1.16506325e+02
     1.50593265e+02   1.80580332e+02   1.37006811e+02   3.13157112e+00
    -1.40288433e+01  -1.04739532e+01  -1.57886105e+01   1.78795675e+02
     2.69423512e+02   2.83680070e+02  -1.72996568e+02  -2.86655903e+02
    -2.75258253e+02]
  [ -3.74642781e-01  -9.54334910e-01  -1.25409431e+02   4.23599978e+01
     2.05050936e-01  -1.30128687e+02   4.86744050e+01   7.02108577e+01
     6.92455690e+01  -3.26107622e+01   3.46761790e+01   7.63577934e+01
     3.20981845e+01  -1.06496528e+02   7.88705535e+01   4.56205851e+01
    -1.02344791e+02]
  [ -1.41521003e+02  -2.45043238e+02  -7.04526234e+02  -9.98321685e+02
    -2.70933446e+02  -7.33809282e+02  -1.00388761e+03   1.79065544e+02
     4.64474452e+02   6.44297606e+02   7.46922580e+02   4.39213312e+02
     1.95605812e+02   8.76079880e+01   4.01680733e+02   9.63834918e+01
     4.02148701e+01]]]