[[[  15.88248962 -111.47605557 -168.01863504 -138.171226    130.77011679
     69.16437792   86.19013148   47.89389445   31.36191303   -2.73522718
     24.24647246  199.20417738  256.31528632   85.85013549 -101.71183457
   -191.91420174  -85.62052653]
  [  24.17821865   95.42253094  -63.31501188   45.23931228  -47.06603446
   -179.12997306  -58.92345247   70.20632336   46.42784326  -43.90783323
      9.76427546  -20.50158582  -80.46740383 -141.89273632  126.7732217
    163.18208924   18.85252596]
  [-104.55569657 -137.10419956 -559.400787   -772.09155303 -163.33242308
   -599.58684613 -905.82048659  186.34361603  495.73364085  605.9059329
    749.33210307  466.22873805  124.99888552  -56.81037212  468.43965603
    127.75313243  -58.62011846]]]