[[[   6.62357227 -130.0235949  -165.40168908  -97.97287362  146.99994157
    130.81611766  124.1588926    15.54547844   -7.80860564  -17.20557186
    -12.62048313  179.22665226  288.31410527  271.10081336 -161.49924001
   -270.8272672  -268.27675016]
  [  12.7186404    43.72948721 -108.96030505   31.90332404  -18.29219917
   -167.29110632   -5.21308293   72.75833965   57.618645    -43.74563375
     19.13769837   35.63359032   -2.27743019 -130.10285952  100.57173445
    118.88274868  -19.98954024]
  [-125.7724225  -235.94694853 -645.55915477 -955.50370313 -235.49542619
   -673.52111154 -960.65833702  188.73538583  473.11402584  640.24086477
    745.93699144  446.24597826  146.70106236  -13.50040481  412.2499961
    109.55584157  -54.11096265]]]