[[[  -4.62051684 -126.40237261 -141.64782738 -118.2318267   143.69294172
    145.24050298   96.02635518  -15.58545475   -9.84391694    6.24392036
     -6.57784656  140.44465582  275.86170265  313.55936781 -190.19792013
   -296.40880323 -247.72048412]
  [  16.82645871  -11.36116437 -168.56108996  -19.79566376   45.01408556
   -111.68313965   24.38584828   74.36245784   52.99854577  -47.10854846
     12.29202337   96.77367353  127.5193187   -16.88449777   33.21821786
     11.65755959 -123.04209998]
  [-115.06086437 -217.83559232 -609.5830319  -920.81614315 -217.49734731
   -636.93020831 -930.61633458  189.87301441  463.44640768  627.70925747
    726.53778351  435.77203764  115.40089249  -43.33111428  433.90204579
     82.3503109   -81.67882301]]]