[[[ -11.32754052 -114.46549462 -123.36068581 -134.56853782  111.03918337
    149.56747759   75.42436811  -24.16927486   -1.65654945   28.13490796
      6.41926336  138.32618694  236.34990231  275.21550152 -173.61769017
   -276.85787883 -226.95921617]
  [  20.72079252  -35.85566723 -150.78223926   -2.10860687   77.29725472
    -41.10530599   87.55789677   55.39463042   17.25868689  -74.23715059
    -28.48660781   90.64801448  162.79839862   41.00777318  -28.3590343
    -44.79547267 -159.16225099]
  [ -80.6930267  -170.86532485 -585.33543643 -889.92444634 -170.78251174
   -612.01665745 -899.90650765  206.80524852  456.61486801  607.19058806
    708.62974523  429.60053452  113.52103987 -114.84778103  428.34214952
     82.96713363 -151.50299687]]]