[[[  -1.49276609 -130.09786307 -150.99172887 -110.65782187  129.6898645
    156.72905151  109.36533102   -5.05223708  -16.69504287   -2.12560031
    -16.3494631   155.68967139  257.70339542  283.95432281 -161.19889472
   -258.13420168 -250.2991113 ]
  [  27.00931842   18.49238941 -145.6286379    -8.51366478   35.52623985
   -129.89420822    6.44476896   73.63470708   36.69613825  -64.96502219
    -12.37486571   60.00472306   96.35934956  -31.04920878   40.11236436
     61.18478098  -63.3519652 ]
  [ -94.09731422 -190.19700333 -563.19691348 -871.62860437 -190.25241614
   -588.9094413  -878.36663951  199.63290223  457.96777542  611.54522662
    707.68477533  453.89588854  117.4515311  -137.81262416  428.33881314
     84.30717068 -174.21307374]]]