[[[ -8.99765473e+00  -1.36042011e+02  -1.13569438e+02  -1.06715225e+02
     1.15551252e+02   1.85858609e+02   1.05834856e+02  -2.22086420e+01
     5.02679948e-01   1.62783300e+01  -2.06652031e+01   1.39827951e+02
     2.37156495e+02   2.77769887e+02  -1.67887667e+02  -2.66380770e+02
    -2.52121786e+02]
  [  2.89339365e+01  -1.90219052e+01  -1.73156829e+02  -3.61719336e+01
     7.68897641e+01  -8.60201373e+01   2.93235043e+01   6.93742359e+01
     2.91540122e+01  -6.75863377e+01  -1.94960408e+01   9.26756578e+01
     1.63880534e+02   5.08713030e+01  -7.32997201e+00  -1.09407234e+01
    -1.23818520e+02]
  [ -9.09644884e+01  -1.83677854e+02  -5.49139447e+02  -8.60872035e+02
    -1.83956039e+02  -5.74143226e+02  -8.68653640e+02   2.01154871e+02
     4.53450169e+02   6.08113636e+02   7.21496520e+02   4.26907180e+02
     1.42348439e+02  -1.64483835e+02   4.23857842e+02   8.53490981e+01
    -2.01451335e+02]]]