[[[  -7.99047387 -125.04331074 -101.18766645 -117.55538721  118.7762862
    160.40858204   80.58469888  -27.11512279  -20.54975606   25.82871451
    -12.62972708  140.87433189  207.84168637  285.52463738 -158.59685708
   -255.84654572 -239.57166075]
  [  18.29113104  -46.93038032 -162.15488203  -19.40940793   83.5126507
    -43.54865325   67.5618532    54.63030991   17.23673928  -71.96108204
    -26.25679899   99.33794774  186.99328412   82.80089179  -37.63980767
    -50.60695725 -161.65342254]
  [ -87.51549484 -184.48967049 -581.86633134 -881.2264613  -183.54170117
   -580.661243   -881.76322108  204.59443236  452.38674841  613.54184473
    720.25264008  448.88343986  144.44778252 -133.39878178  422.52044998
     83.38895059 -203.07173457]]]