[[[  -1.50383706 -124.98683251 -106.68985896 -103.68544787  123.80736037
    157.10974265   98.57285601  -14.73481808  -18.88987081   10.93508348
    -14.80323521  146.06906605  241.9811491   246.20600203 -158.34073806
   -252.44654235 -239.01624228]
  [  23.6328697   -14.96733422 -150.76540318   -5.22317934   62.23307135
    -78.47783148   49.30223554   62.21872975   22.4372636   -73.1827379
    -23.79289821   75.00419528  132.6162248    18.29558699   -3.24231748
      7.27518095 -104.65819555]
  [ -81.82405052 -184.86733606 -580.96350526 -875.24313551 -161.14075399
   -578.8585797  -874.99113262  205.88617068  467.45766062  608.75358518
    710.22415214  441.75151946  138.07459417 -137.27230963  415.0299714
     76.53898878 -206.98673025]]]