[[[ -13.48254814 -135.69559013 -111.73609216 -116.02008199  111.77669867
    185.29314442   97.02296334  -26.09585439  -26.11603961   25.39408105
      8.8840324   137.17823933  233.5612912   276.46954803 -165.90101166
   -264.92000109 -248.79421941]
  [  30.28067675  -28.25709007 -169.38600798  -31.43758256   88.81843899
    -64.08063901   49.87695682   65.2017554    21.22229507  -72.1511406
    -27.80933911   96.46538197  174.94832574   62.79105434  -25.37609613
    -33.00198042 -144.1963102 ]
  [ -84.78679335 -163.47412751 -553.77526613 -864.50320475 -186.2220375
   -578.84251401 -871.21205699  203.91711528  445.06816728  602.56223162
    710.80596368  441.22264836  137.38996183 -138.70946157  415.67880453
     77.47417208 -208.96034705]]]