[[[  1.69029093e+00  -1.24036949e+02  -1.43361923e+02  -1.04733450e+02
     1.35162662e+02   1.62111357e+02   1.13551894e+02  -2.72633589e+00
    -1.18786762e+01   1.77149180e-01  -1.08998583e+01   1.60066191e+02
     2.64439079e+02   2.90390136e+02  -1.56166157e+02  -2.84037497e+02
    -2.81788364e+02]
  [  2.32691511e+01   1.20351068e+01  -1.55573745e+02  -2.55496993e+01
     3.45031884e+01  -1.34939319e+02  -3.73198474e+00   7.28965149e+01
     3.91696714e+01  -6.24388746e+01  -1.01604210e+01   6.38098394e+01
     1.00332936e+02  -2.10482916e+01   4.22356758e+01   7.54144062e+01
    -4.99742633e+01]
  [ -9.55404593e+01  -1.89250035e+02  -5.57057686e+02  -8.68211268e+02
    -1.88729651e+02  -5.82213327e+02  -8.74474692e+02   1.98728348e+02
     4.54806667e+02   6.11989869e+02   7.25631558e+02   4.28379046e+02
     1.43282039e+02  -1.35151643e+02   4.24900841e+02   8.41379285e+01
    -2.05791346e+02]]]