[[[ -8.57770698e-02  -1.32198562e+02  -1.55181718e+02  -1.10270829e+02
     1.29117660e+02   1.51869666e+02   1.09957872e+02  -3.19792146e-01
     9.82662756e+00  -3.71832400e+00  -1.75579586e+01   1.55969212e+02
     2.86733911e+02   3.19661456e+02  -1.62511739e+02  -2.92413037e+02
    -2.93315518e+02]
  [  2.62753468e+01   2.56345238e+01  -1.52652104e+02  -2.76724776e+01
     2.69161634e+01  -1.51505704e+02  -2.09565075e+01   7.59033207e+01
     4.19570834e+01  -6.04181153e+01  -7.86036359e+00   5.74986333e+01
     8.90020275e+01  -4.01512571e+01   5.55531595e+01   9.52308901e+01
    -3.27546199e+01]
  [ -9.55430132e+01  -1.84711610e+02  -5.50255739e+02  -8.65692423e+02
    -1.84805915e+02  -5.75922177e+02  -8.71525305e+02   1.97455723e+02
     4.57665815e+02   6.09052459e+02   7.28599645e+02   4.30787292e+02
     1.21889123e+02  -1.30847758e+02   4.01178515e+02   8.82340632e+01
    -1.99359270e+02]]]