[[[   4.85908051 -113.70075963 -167.86071994 -114.91948188  146.38238635
    172.74729771  127.16423483    2.62854569   -1.35589932   -4.53547014
     -1.96448288  144.13788729  273.46780647  305.74425344 -173.00861641
   -275.22984081 -309.35931227]
  [  29.15605518   27.92957961 -133.873669     -1.65204644   30.38252178
   -132.46265008    7.79285132   70.38672232   29.37938687  -72.44698944
    -25.03093168   45.24832765   78.51064195  -46.74841901   44.36350952
     88.4414752   -39.37636576]
  [ -83.95797084 -158.98900908 -554.7405389  -862.92719287 -181.13092922
   -580.17350268 -868.38765772  202.78302695  458.03976476  598.65575546
    705.10484503  432.20501983  122.74270786 -132.55781422  401.45746155
     87.76707666 -202.14310549]]]