[[[   3.80031841 -119.64819538 -176.83617446 -119.55014763  137.6120406
    159.66758558  124.69348165    4.43424041   -8.02442146  -10.5655012
    -10.0062485   136.38539684  296.66341766  331.40637964 -150.39116503
   -279.24873524 -317.57988027]
  [  24.61690409   33.93490912 -116.05183865   20.38078635   15.29888839
   -134.98113021    8.0179473    64.31092321   24.48152255  -76.02894378
    -30.7376629    31.66367952   63.61566074  -64.67782067   50.32499832
    105.73048047  -19.98760093]
  [ -80.1744802  -153.86357252 -574.09733279 -869.39157587 -175.71928058
   -573.40891617 -867.05002593  203.86247393  455.00739941  594.33266239
    699.00124878  429.63940853  126.15077033 -127.26641909  399.36008622
     90.59761352 -196.02024263]]]