[[[   5.3817776  -122.25513683 -184.06189648 -118.80673688  136.99969449
    154.97786467  120.77777141   10.6316777    -8.53140512  -13.92435735
    -12.34519898  164.34425458  297.69508908  328.60445063 -151.75436765
   -281.29142629 -322.3819221 ]
  [  34.65755641   55.0347199  -123.42020578   -9.86179726   14.28038972
   -161.03442575  -21.83984009   73.66785613   30.30292539  -71.71200308
    -26.0458772    25.70221757   50.68902152  -76.91167124   67.64736568
    131.36333523    7.22600427]
  [ -84.47481602 -157.12097779 -518.8255375  -842.67631409 -180.49169891
   -570.99415933 -855.63037034  200.50793425  453.0843185   591.55170064
    698.07536053  426.91183587  118.99390228 -165.5357928   397.58022105
     87.90636341 -201.06545664]]]