[[[   8.66557007 -116.1759787  -178.57448776 -114.25529651  142.82416377
    163.48526648  133.30507666   11.29919361   -4.44518747  -15.41322019
     -8.49268051  141.51109134  303.34590691  301.635398   -147.62365382
   -278.30844404 -319.18139423]
  [  32.49553926   51.6734102  -104.36853653   22.35747526   13.3176612
   -140.36807054    6.64000953   65.94626804   20.18867326  -80.58106775
    -38.40712865   16.11346339   39.0258118   -83.14153326   57.66136782
    121.23660616   -1.26891969]
  [ -77.50773704 -150.73988577 -548.16430309 -853.98082402 -173.46692226
   -574.10616507 -859.43024689  204.05964731  434.68224366  586.130414
    685.0804104   436.87364944  129.85201157 -157.5651037   406.50044635
     97.36649263 -193.87022841]]]