[[[  10.4212961  -117.34098442 -182.52828801 -114.38751674  140.59361359
    156.88388401  129.9315545    14.99837127   -4.97267181  -15.52171737
     -9.39575723  167.45450268  299.47184955  293.50563661 -147.40428806
   -277.14810146 -319.11939547]
  [  36.75523545   63.92611261 -100.26915592   23.62294516    9.58434392
   -150.9510047    -9.12519397   69.44883885   22.41672275  -78.6407287
    -35.69639047    9.29929296   16.57233056 -106.65791113   68.24544008
    140.27344327   18.81238556]
  [ -79.21954414 -162.93099126 -556.72577513 -858.41794649 -162.33151772
   -556.34457478 -856.16881101  203.57821501  441.96237954  587.93144297
    690.86848472  415.59759562  112.84755671 -142.93746583  414.32961268
    107.40881546 -208.6866127 ]]]