[[[  6.43060711e+00  -1.22885201e+02  -1.11848791e+02  -8.77479343e+01
     1.49946451e+02   1.42818221e+02   1.11859995e+02   4.13267478e+00
    -2.05367030e+00   1.60337068e-01  -3.08839931e+00   1.75080289e+02
     2.81479537e+02   2.35712035e+02  -1.55065956e+02  -2.97798322e+02
    -2.92296193e+02]
  [  6.42796853e+00   5.24641470e+00  -1.45275803e+02  -5.77140002e-01
     7.60952163e+00  -1.43200796e+02   8.06436421e+00   7.10982704e+01
     5.86636329e+01  -4.28368333e+01   2.15584829e+01   6.76176978e+01
     6.64010422e+01  -6.16134004e+01   7.11392063e+01   7.20965571e+01
    -6.24191861e+01]
  [ -1.24103219e+02  -2.23723379e+02  -6.49055039e+02  -9.47323654e+02
    -2.47912640e+02  -6.49523608e+02  -9.46854820e+02   1.88750625e+02
     4.70582141e+02   6.41653029e+02   7.37694575e+02   4.41327244e+02
     1.15299345e+02  -7.94028030e+01   4.42261408e+02   1.48252179e+02
    -3.99648965e+01]]]