[[[  13.83364698 -110.70567866 -211.92529563 -123.88913782  150.85744759
    167.28822779  129.43498351   18.30796021    1.36057479  -16.94577157
     -3.60962982  148.73011622  278.57678979  266.5782437  -142.82167719
   -269.21526923 -275.11384935]
  [  48.22073237   76.12923069 -119.23395975   -7.57992126   20.31222205
   -168.35554267  -28.3431798    82.97830003   32.52921033  -71.60141083
    -27.87618484   16.48838875   13.70053951 -102.76977549   77.12649105
    139.70795091   16.62391998]
  [ -88.61401368 -178.67401549 -517.27366673 -832.6436814  -177.67683421
   -543.19680467 -837.90044044  198.38337312  438.60178029  586.93229568
    691.61924925  435.76096524  128.75483139 -158.42742275  409.54435355
     88.97551089 -236.10894019]]]