[[[ -34.76429448 -141.82777492 -138.05611292  -28.40052166   81.02457483
    189.03154371  102.05994326  -26.37003594  -22.09135505    6.6215168
      9.7086296   116.35533664  223.70408883  157.81989921 -162.28316852
   -249.97470082 -201.46707346]
  [ 145.76113146  132.38182784 -336.21112373 -293.59889895  159.14043344
   -296.73659098 -238.12422093  172.4114746    99.24979152  -15.89439167
     38.41244693  126.07169849  137.48019468   16.3377303    86.82383441
     84.97304627  -25.92980606]
  [-155.92668503 -223.78558781 -185.42435542 -459.80199002 -229.08967394
   -495.61230443 -578.84721215  113.61627356  367.81244157  484.30032745
    602.82273988  363.62963288   32.70089654 -232.01127562  344.9450295
     36.94947565 -261.66190693]]]