[[[ -34.62294778 -142.06173897 -134.78940098  -21.49970863   81.35434683
    189.13847456   97.54603943  -26.99776195  -22.24680313    6.86769406
      9.74095014  116.47965201  224.36295301  158.2822203  -162.74991646
   -250.77603574 -201.5241025 ]
  [ 137.77674797  124.18195028 -351.47097057 -320.32040725  151.37154733
   -311.97744782 -265.71587014  177.68397556  114.44496442   -1.0511485
     57.38522647  140.08363424  145.79455058   24.36352894   99.64706391
     90.36999689  -19.67953469]
  [-174.49511799 -246.85171029 -180.1444889  -456.54979366 -252.68985146
   -487.37407469 -574.42163903  103.25345215  374.38852444  490.71537437
    611.57666043  347.6476495    40.01522212 -222.07173665  351.6107958
     45.77228841 -251.57584091]]]