[[[ -22.44298235 -105.72106256 -416.12708007 -406.0789443    78.63952639
   -192.96390209 -367.30883529   36.17971529    2.67248874  -45.08434984
     16.39012517  121.51120551  223.24272268  147.24492061 -116.17235089
   -188.87832685 -178.92924802]
  [ 103.82085985  199.40410817 -137.40337064 -307.15988197    8.23759366
   -326.12494234 -340.45957005  172.13271824  149.35494032   68.41988069
    116.35565181   51.78914136   -1.9298032   -76.60379038  246.93154885
    299.90466179  209.04330288]
  [-200.55871736 -254.21884024  -18.04924732 -294.32023011 -275.14139924
    -22.26289428 -290.76339668   31.25892368  276.37448274  377.08962085
    488.21575524  255.10343631  -16.11651754 -260.7642211   255.93098807
    -16.91248734 -288.70416113]]]