[[[   1.78334075  -96.14632447  202.57624073  366.61334726   83.503418
    419.96647903  404.67136305  -47.663621    -13.33637736   58.38731595
     23.71305605  101.69584897  197.51882992  162.76274009 -129.54687964
   -204.93294613 -125.23136623]
  [ 107.8701007     2.05330122 -315.61466012 -319.61441464  213.68692086
   -102.22945661 -273.01952917  167.08245523  138.92509164   64.21140841
    109.18458607  249.08224309  301.98109113  211.23862947   29.42515906
    -33.51814543  -92.48315115]
  [-194.76735852 -247.46977209  -20.99016118 -300.71621797 -268.81046624
    -25.26861467 -303.85647266   36.70082329  276.81321486  375.67048847
    486.54585458  254.93613926  -36.297108   -255.85917116  256.51869658
    -14.39455241 -282.08969293]]]