[[[   2.49533937  -96.04393182  200.62326746  364.78171856   83.88120291
    418.91617413  404.68995408  -46.94903459  -13.66286129   57.57675676
     23.45684692  101.9357264   199.27610647  163.48235279 -130.15636327
   -205.85695559 -126.31212432]
  [ 108.47663106    2.99354517 -313.77630908 -315.93932595  213.9597306
   -100.6238644  -270.44005939  166.65528848  136.43970977   61.32238323
    105.36636668  246.46269002  301.6896257   213.0257584    27.88455269
    -33.50502688  -93.09875306]
  [-197.27064736 -251.68121672  -22.40851683 -299.550685   -272.51037725
    -23.32878593 -301.74860883   35.66081501  275.59556377  375.20077022
    485.95345328  254.56321734  -15.12913903 -258.52979917  254.84400325
    -16.46128674 -286.66572904]]]