[[[   1.78677166  -96.12326343  203.03731335  366.86812024   83.5143756
    420.80032559  405.86031296  -47.44874698  -13.47820691   57.83461286
     23.24608083  101.67848357  197.4267637   162.49472915 -129.70849001
   -204.5960016  -124.4544717 ]
  [ 110.20222983    4.07409494 -314.62971637 -315.44584475  216.33037757
   -101.80669795 -270.87000963  167.79378437  136.41228047   61.17224222
    105.71760111  246.97165314  300.22995285  208.44901135   27.84486407
    -30.75438752  -92.64637025]
  [-192.30870947 -244.55303468  -23.82883072 -303.486597   -265.09597975
    -24.43982578 -305.74119038   38.50290235  278.93314735  376.7077906
    488.50681771  257.54631474  -34.23895726 -252.42505465  257.74587882
    -35.61340935 -280.37652278]]]