[[[ -19.44761003 -117.13604266 -359.3715606  -299.08638938   76.80045073
   -136.07036348 -255.06418843   20.91067074   17.15404123  -29.03156042
     11.89256031  116.44867082  221.8582066   143.36477706 -106.69469756
   -207.63326359 -156.0547025 ]
  [ 105.0612926   172.10328259 -237.70796786 -336.98425978   38.01927919
   -368.48106743 -373.49901321  173.10859707  146.3508276    65.72212478
    114.95164749   83.61571493   59.17394531  -16.46552864  215.23843735
    260.56483822  156.44551804]
  [-162.48603755 -249.70736292  -46.597871   -334.23878984 -250.62709829
    -50.51727091 -335.20899615   59.84851007  289.48444892  392.14381375
    507.99708088  265.26992293  -40.44174955 -279.7920539   267.24728015
    -15.60254149 -306.74689081]]]