[[[  24.1561288  -104.27857057 -233.42163933 -161.83880978  118.21375485
     54.7618232   -63.95502864   32.66877418   34.44197324   -3.7218491
     30.02619675  147.16774717  230.00891757  177.14644614 -105.12063969
   -181.31028285 -112.87390321]
  [ 123.51524749  153.01547066 -301.70245014 -268.03295768   94.01500863
   -371.70586042 -327.46932455  172.6255136   120.89157566   11.0813575
     72.00081516   90.40685289   79.80270684  -17.39526202  157.93630049
    169.38567291   56.28573708]
  [-164.51185257 -236.2348568  -513.98280948 -586.21671342 -234.36610618
   -196.97285316 -461.23116688  108.71136197  382.60002364  500.25483854
    627.49242281  357.31680946   13.47046249 -237.63928671  357.29088087
     36.1225074  -238.35773946]]]