[[[ -18.10621564 -137.11788955 -222.97099617 -149.81248039   98.97268779
    198.97825644  110.46430969  -16.23387482  -12.81679938   16.57218703
     21.48442133  133.26691762  222.06844844  176.968163   -131.95044186
   -220.40395042 -126.47881722]
  [  67.02800257   50.38108244 -162.76810063  -22.44373553   83.67491791
   -131.75495972   -7.08944402  100.43883558   38.33991366  -68.21824183
    -22.33993499   70.84716925   96.55899421  -40.85475215   26.38336915
     16.55075074  -98.31302759]
  [ -89.93178631 -181.12983278 -489.90306483 -803.84661618 -183.12122284
   -524.17653284 -817.2607457   197.3194926   454.30939939  587.00798197
    707.85640234  424.38167593   65.27084129 -201.72413132  426.45343935
     66.9307207  -201.7313518 ]]]