[[[  -2.88867052 -130.12022989 -227.53533885 -143.99262952  104.13010443
    190.06091942  116.35100484    4.13814882   19.43332838    4.72581679
     20.09429834  136.70052829  222.87651515  132.34601307 -126.7646877
   -214.12042389 -127.10102674]
  [  61.28098997   70.05056557 -141.78317251  -10.91287924   52.51140204
   -153.18952699  -13.44322464   99.04338206   41.94389016  -64.69659311
    -17.49904145   43.14382274   41.57097156  -79.60212607   59.30396111
     70.02921854  -57.07142218]
  [ -87.70562461 -176.95989323 -518.60096446 -815.98509946 -178.10466598
   -520.06457402 -817.34348361  197.87119208  454.6747163   588.50129776
    706.38357827  424.53313747   67.42607591 -195.03999652  426.85291515
     70.76950373 -195.33582562]]]