[[[ -21.41995106 -136.9729561  -219.13893061 -157.41905371   96.41934009
    199.32342564  109.38343344  -22.1054582   -13.46177107   21.21604467
     22.3336132   130.66464871  218.89292588  176.97055582 -131.40881356
   -219.33095744 -124.29108054]
  [  64.8381437    38.8334489  -151.95617261    2.41674627   90.84284135
   -106.9952777    16.41587269   92.83269673   28.85572991  -75.7147429
    -31.78417176   71.76490277  105.03183382  -32.7159573     7.46910015
     -8.64954909 -118.07505964]
  [ -84.48483567 -175.86347688 -520.89409708 -820.50749747 -177.02691522
   -521.5390732  -824.9581805   201.8214549   455.279665    587.75841048
    706.95442207  425.75208791   69.61144667 -195.95731639  427.48061941
     70.65483687 -195.67939589]]]