[[[ -13.60159455 -136.9462893  -226.65197987 -152.43686537   97.76610079
    191.92373829  110.01244337  -10.13415343   14.7737569    13.5684888
     19.03412211  131.6722811   219.78193281  171.45689722 -132.13813761
   -220.50783802 -130.16458439]
  [  62.9977567    54.75227726 -149.28154087   -4.91650595   71.24322969
   -133.31364412   -1.44483707   96.4308005    35.62250262  -70.87382697
    -25.04243021   58.53587827   77.68161058  -54.80102421   33.6423449
     33.00783186  -85.89154837]
  [ -86.36964861 -176.49617432 -519.88579049 -817.66133754 -177.95171053
   -521.28217469 -821.06121483  199.8459639   455.33363768  588.38625092
    707.22254351  425.27742034   68.19041342 -196.05136327  427.79765466
     71.11742047 -195.87580377]]]