[[[  -1.23345656 -134.48910866 -236.42354767 -147.19155381  100.3680308
    181.11337826  114.62842852    8.47050668   13.41062407   -4.71242562
     11.93508968  131.99647937  254.96342411  167.18360679 -132.52590721
   -220.39726681 -137.13480271]
  [  53.54483243   72.23709971 -137.18885062  -13.6843557    34.85255039
   -167.37343812  -27.12814781   96.32535828   46.20166617  -60.28454318
    -12.90916401   38.08917663   31.28250122  -87.57985096   73.97063253
     95.35735025  -33.83046588]
  [ -92.76255844 -184.66249603 -526.85521161 -826.14554604 -185.68615382
   -527.65988129 -825.33689147  195.29458123  448.46494498  590.86948427
    700.77325376  443.48425413   94.39214008 -165.33409028  419.60116145
     63.30364412 -204.10355355]]]