[[[  -3.13817815 -133.80615504 -233.86691049 -147.71039818   98.64584121
    178.66577341  111.32979885    7.38333002   14.22721578   -1.82574501
     13.19012461  131.31051155  251.30252433  165.13604298 -130.44186475
   -218.48728741 -135.87581618]
  [  52.21414886   70.46411    -134.9172841    -9.6409115    33.96417094
   -162.82807485  -21.58459622   94.05737644   43.02050814  -63.38467334
    -16.74527741   35.94043864   32.93867066  -84.93709533   70.32229187
     94.22345616  -30.97909358]
  [ -92.78423169 -188.24520812 -528.25918995 -826.93253338 -189.71755298
   -529.64909601 -826.59193961  196.02203654  462.95735322  591.58753144
    689.35583612  433.49374075   86.32111166 -172.49220849  435.08184694
     84.89617388 -207.78236125]]]