[[[  4.69273324e+00  -1.28694768e+02  -2.38019663e+02  -1.46502076e+02
     1.03868088e+02   1.79173701e+02   1.19454772e+02   1.95746539e+01
     1.89086348e+01  -1.09705969e+01   1.42480061e+01   1.36580872e+02
     2.60404190e+02   1.72222899e+02  -1.25645370e+02  -2.16022810e+02
    -1.77023780e+02]
  [  4.47523920e+01   7.99730358e+01  -1.16673846e+02  -1.05966070e+01
     9.53173084e+00  -1.72300295e+02  -3.03004804e+01   8.70396603e+01
     3.96374645e+01  -6.36807440e+01  -1.95937373e+01   1.23618494e+01
     4.28939690e-01  -1.05320305e+02   8.81074973e+01   1.41114340e+02
     1.72280418e+01]
  [ -8.90306847e+01  -1.80500490e+02  -5.17548940e+02  -8.20634736e+02
    -1.81526933e+02  -5.18915907e+02  -8.18465206e+02   1.97814744e+02
     4.52428909e+02   5.90759238e+02   7.04992221e+02   4.23335171e+02
     9.72369894e+01  -1.98038375e+02   4.24690255e+02   9.64628274e+01
    -2.34162140e+02]]]