[[[  -3.19157039 -136.82486883 -239.70044445 -150.57713203  100.66782831
    183.28807984  114.04895574    7.32098799   14.25250633   -2.7312538
     13.09060161  134.0918332   261.45973639  212.35068638 -133.69834426
   -226.97626399 -182.00135052]
  [  45.91451329   64.42601739 -140.31928836  -18.07388405   27.40299277
   -169.22837953  -30.49522658   92.13627924   45.867451    -60.68730497
    -13.43435324   39.2661309    40.37665737  -82.85256614   74.45402653
    106.46328706  -19.01494362]
  [ -96.59912792 -191.50602034 -532.53816952 -833.38336679 -192.75177784
   -533.708144   -832.59923572  195.22044007  450.49262524  596.42624599
    706.4145768   445.44151512   93.54415606 -166.81865404  422.40714492
     90.19610193 -210.4145134 ]]]