[[[   2.26209094 -135.75702284 -237.1916045  -145.42490426  128.20504182
    177.92571028  113.92572836    9.86245575   11.31455095   -4.83580995
      9.50691543  158.55043617  254.78830035  202.39783277 -162.89969505
   -226.8682014  -179.97226396]
  [  60.01070312   79.0915263  -147.63740565  -30.86778892   40.92986435
   -177.87147454  -45.14251499  100.64225998   47.7784631   -60.37975389
    -12.32965868   40.21481734   35.08872292  -85.79450798   77.38945107
    103.77529274  -23.38085842]
  [ -96.81697165 -189.31299761 -519.20214876 -827.04947161 -189.72297607
   -519.76657236 -826.45134537  193.45731103  462.79312056  590.43589946
    689.85042366  433.98764041   87.83407379 -164.75258492  410.85903673
     83.66801461 -207.2449994 ]]]