[[[   4.06256406 -135.64816997 -239.56422517 -146.0461184   125.05085414
    169.18521162  108.76912452   15.72916479   10.76127282   -6.67554813
      7.70800603  156.13640543  249.32586803  195.44696596 -133.40804291
   -223.32816237 -181.6659836 ]
  [  53.62510515   81.48642752 -143.05977823  -33.7856665    25.76376706
   -186.54071559  -50.84158697   98.98758342   50.79574374  -55.76683909
     -6.31843148   32.52469125   20.78268886  -97.30495296   89.95052697
    126.29746776   -4.33274944]
  [ -99.09422692 -192.0743293  -518.3211726  -826.81061874 -192.71582931
   -519.42000212 -825.71767475  193.03471115  456.05879955  596.62343339
    709.56469754  426.58740751   80.75707791 -169.1400281   427.49061726
     78.86749408 -210.41380068]]]