[[[   1.20150176 -141.34703265 -211.74964224 -136.51130015  119.82753512
    166.5542242   112.32699278   13.0166661     5.33115376  -10.10647363
      1.85726171  151.69251221  276.30904424  236.12600539 -139.2682852
   -233.9611341  -231.37164245]
  [  40.27479757   67.31625628 -124.5810192   -11.59591086   13.23332664
   -171.97024026  -33.3347527    83.3066442    38.64231419  -65.37215052
    -18.80158096   22.95246302   26.33396059  -91.46708189   79.70162327
    134.22352462   13.01814226]
  [ -91.36458836 -168.68941137 -533.98174342 -840.1790965  -198.07138584
   -535.35693959 -837.60179956  198.49095102  453.02838344  597.2541702
    707.89895516  424.48945784  105.19215342 -179.30170108  425.08710124
    102.42811313 -220.9973503 ]]]