[[[ -11.72072393 -148.79240526 -211.94250082 -144.16446808  113.12112864
    133.11683668   83.83598979   -2.23213537    3.55959211    8.95939893
     34.07739439  148.9526953   239.86365002  264.33615151 -142.87030582
   -237.7351023  -195.68713442]
  [  33.76551194   43.62288358 -144.24879075  -12.17655597   23.90812473
   -160.48160434  -34.01480365   82.95215485   43.31095276  -60.35256123
     -8.2885369    49.44350623   71.2358986   -54.85058022   60.46287432
     91.85048792  -24.08816765]
  [ -95.16550577 -189.71249603 -560.16246853 -850.80853907 -190.98860998
   -535.20765057 -844.86959564  197.94218545  461.59733363  607.96632912
    718.74148     430.86100063   82.0893303  -174.74110009  434.90241553
    115.6714205  -206.80158644]]]