[[[  -3.41628537 -126.87661036 -223.6717868  -142.77929142  107.19671985
    154.02731761  102.71898034    5.87765459   -6.22110075   -2.06371022
     20.91483829  167.91351246  263.87205139  251.32078635 -151.93869024
   -247.9727932  -208.56424457]
  [  38.49435598   57.74559998 -135.40466845  -10.39426582   19.24309182
   -169.0821034   -38.54810826   85.23488507   43.48753643  -61.70701489
    -12.70053216   37.73271277   44.96080131  -73.07802326   72.93441051
    110.90562788   -7.33886106]
  [ -96.9692241  -192.00890647 -559.56637659 -852.22959904 -192.372346
   -533.78715338 -844.6351319   196.75990051  456.11609711  602.92608463
    711.52702278  427.07545698  114.05277384 -173.58996134  428.4000274
    112.61057759 -208.59526295]]]