[[[ -6.30145871e+00  -1.41927162e+02  -2.54953880e+02  -1.51830238e+02
     1.50350084e+02   1.35067497e+02   1.17251308e+02   1.30037451e+01
     3.31496690e+01   4.92105403e+00   3.12686651e+01   1.92660617e+02
     3.58125929e+02   3.81628228e+02  -1.63745536e+02  -3.42103293e+02
    -3.79520818e+02]
  [ -1.43723592e+01   2.29260637e+01  -1.34144630e+02   2.67048247e+01
    -5.16707848e+01  -1.94550356e+02  -2.44934755e+01   7.80518592e+01
     1.02321554e+02  -8.79398651e-01   7.05164103e+01   7.60956192e+01
    -1.06302380e+01  -1.61354760e+02   1.45871499e+02   1.11785328e+02
    -4.00267715e+01]
  [ -1.92814188e+02  -3.17474851e+02  -7.75830176e+02  -1.04640891e+03
    -3.44303657e+02  -7.46862369e+02  -1.04195407e+03   1.48824099e+02
     4.41743311e+02   6.49365283e+02   7.31942294e+02   4.12930048e+02
     1.77188650e+02   1.36957132e+02   4.16570088e+02   2.22550085e+02
     2.26153282e+02]]]