[[[   1.45493729 -122.02463318 -235.82432431 -140.18959312  102.43442087
    100.97626449   87.85050599   29.99330019   26.34027223  -18.42470793
     19.03054079  164.32550398  263.3174238   242.25547215 -113.40678901
   -234.90845221 -212.51569959]
  [  26.06708954   93.92858597  -80.68333136    6.44667485  -41.79441423
   -197.01727906  -59.0025851    74.87980614   43.83125084  -50.92587153
     -2.02280829  -15.08254662  -48.92937037 -149.49093785  123.91031628
    198.34058449   85.8730271 ]
  [-102.27925015 -198.56858113 -539.53647375 -858.91578314 -200.29880058
   -568.34375598 -865.76001431  195.28939318  450.34039922  614.94008985
    730.27208213  420.25379665  105.61926408 -181.47053824  450.72796693
    111.10965526 -181.38910691]]]