[[[ -4.26339665e+00  -1.40732598e+02  -2.49877098e+02  -1.58375937e+02
     1.17400812e+02   1.18349700e+02   8.29689577e+01   2.03400947e+01
     1.25275107e+01  -2.95181302e+00   3.72860496e+01   1.80014642e+02
     2.49276851e+02   2.63715962e+02  -1.30937337e+02  -2.26722120e+02
    -2.30302375e+02]
  [  3.04942833e+01   7.73206612e+01  -1.18269357e+02  -1.70530561e+01
    -1.63321252e+01  -1.93827093e+02  -5.63622449e+01   8.27693284e+01
     4.91979234e+01  -5.21204126e+01  -7.29848492e-01   1.31742472e+01
    -5.48413665e+00  -1.19566775e+02   1.07509365e+02   1.71405559e+02
     5.74846885e+01]
  [ -1.02860806e+02  -1.85803086e+02  -5.49375655e+02  -8.56375703e+02
    -2.10835791e+02  -5.52511119e+02  -8.56348667e+02   1.93926522e+02
     4.67948604e+02   6.11746340e+02   7.19822399e+02   4.09219798e+02
     9.28320870e+01  -1.64164334e+02   4.41531489e+02   1.23693138e+02
    -1.96313485e+02]]]