[[[   9.21610582 -117.30636215 -230.5552001  -131.32530176  128.34749642
     99.61057579  100.45405127   31.98434988   26.23098333  -20.09083708
     18.67189597  163.30944195  263.37721706  242.98150734 -112.02235682
   -234.82657332 -247.81862547]
  [  29.9315831    96.67498865  -70.30531278   27.04059455  -36.81183948
   -187.41050948  -46.36918369   70.93498626   35.47210139  -57.98427011
    -12.48008485  -21.73734641  -57.0501926  -159.55486641  115.86314152
    193.52668142   82.32733058]
  [ -90.00553219 -167.2267921  -560.29444405 -863.72659962 -190.85149839
   -562.34154357 -863.46905213  199.41347981  453.3426852   602.30916149
    701.96466331  424.32660031  109.69361239 -175.28917776  426.4119594
    113.75736185 -175.26654713]]]