[[[  -5.25380632 -135.94191076 -212.24327075 -128.10134579  112.42052168
     86.36163935   83.98104412   20.11103424   13.97564044  -12.95548441
     37.50960515  152.09497486  251.34735762  269.15131112 -126.60936619
   -219.39709332 -228.66940918]
  [  17.53553715   74.09336547  -80.85612532   26.29076212  -39.02231452
   -179.78027831  -41.45233692   65.3230729    34.88283416  -59.07735419
     -9.20361419   -9.40104145  -18.83156316 -129.71667742  103.34006251
    179.28006765   74.34589458]
  [ -88.28976977 -166.42258822 -567.49658331 -866.32670059 -191.50779072
   -570.01577317 -865.71412644  201.24851857  462.00680977  611.64629388
    714.25117892  431.74999906   85.32772073 -178.31803979  435.65110285
    116.75169882 -176.90487834]]]