[[[  -8.30947013 -142.92472923 -190.06945257 -113.69519508   94.99852965
     65.99526621   83.2729622    26.15110016   32.13835711  -16.85093055
     26.08061215  165.35077514  264.22522391  247.26751129 -102.71189152
   -221.83331952 -238.51688261]
  [   9.21732224   82.77207608  -47.812985     41.05532177  -64.33743455
   -178.8712231   -45.05863981   55.42419369   31.20532859  -55.97271719
     -9.51972764  -32.20466115  -59.13241606 -162.5148693   117.21455317
    211.25127117  114.31262721]
  [ -84.60397759 -171.613246   -542.60224381 -862.48323071 -174.8179908
   -597.51691964 -877.3782479   202.19688892  464.79259168  611.56669689
    712.04523528  411.78872423   97.18828645 -188.45559159  439.21603972
    131.4951617  -185.16637255]]]