[[[   1.21704374 -119.68953341 -165.24929481  -74.79868639  110.95115161
     52.34887987   96.75211089   28.15775783   17.22480515  -34.77904538
      8.2613438   147.80360739  248.68093407  264.18510056 -112.63602977
   -200.22792365 -251.65304081]
  [   9.6924113    92.87345226  -19.7395211    75.55508624  -73.48862064
   -172.89138186  -40.89785614   46.28610562   17.47874427  -63.94377076
    -20.22826296  -54.37751522  -79.78530572 -183.4976346   114.56273508
    216.44886934  131.58144457]
  [ -80.92537883 -171.53072585 -570.68216405 -876.90516416 -173.03470006
   -597.72156989 -883.58078818  205.80618688  460.52083849  610.3679195
    705.53209775  431.66145292   97.31426216 -189.23897429  434.34733265
    128.87439584 -153.98843202]]]