[[[  -2.42763483 -123.65361847 -168.33231214  -78.97677471  107.49297811
     49.59912318   95.60507102   25.18103362   14.0373332   -34.91829337
      5.57344587  145.09680042  246.01731745  261.13610198 -116.29664389
   -202.25350259 -218.41702312]
  [  10.21624271   92.28337986  -16.67148919   84.20500708  -71.85089714
   -167.76816241  -31.7600256    44.81207517   15.3670122   -66.73449961
    -22.98495834  -54.44687998  -80.79544887 -178.96371989  110.52748646
    209.50651664  123.8794725 ]
  [ -76.07423974 -151.39039686 -578.89382065 -881.50670123 -176.14985181
   -606.83133049 -887.2731979   207.63753535  457.79075371  607.46057597
    702.98562284  429.01574186   94.8815203  -162.86613986  431.77639721
    124.14134875 -160.63395184]]]