[[[   1.71120565 -127.61104585 -139.18491557  -66.93679167  114.09876928
     54.22171376   87.23160016   26.18495304   14.55454559  -30.67516314
      7.00908142  150.7835097   251.26044546  233.69508968 -122.0122412
   -211.20866024 -225.60629204]
  [  13.87000704   86.79735718  -32.57957893   69.67900727  -59.05734235
   -175.10102493  -43.28987982   52.4523508    22.01366366  -63.85808691
    -15.76620717  -40.47945356  -59.67554629 -159.84620207  108.41260942
    196.049743     96.19594525]
  [ -84.11146072 -165.83066202 -574.20519824 -877.80253674 -190.97248986
   -575.4845253  -874.54183354  205.01162735  464.5665959   615.79462257
    718.29773503  435.39968266   88.00604507 -179.67781453  437.43295869
    117.83915718 -177.07753122]]]