[[[   2.15012071 -123.3854834  -101.17086022  -20.76477939  105.96154629
     48.99730098  110.77507644   27.79317373   10.77629768  -43.27871175
      1.32488176  141.63595089  241.77977873  222.8946309  -118.72085944
   -205.38407899 -224.7091052 ]
  [   4.89199966   93.48713064   14.27435296  114.25398515  -83.70311012
   -160.86427399  -32.45666585   36.46721224   10.50717287  -66.64556304
    -22.58776125  -69.11293107 -108.50074666 -200.64018417  112.66395278
    211.1580257   124.76999932]
  [ -79.46501563 -174.35420288 -587.29422098 -897.0798888  -176.15447133
   -614.00147039 -900.61220705  208.57126006  468.35363235  617.0672843
    718.01907303  440.25454853  103.15268185 -158.74800705  418.50081602
    131.07335482 -156.44151157]]]