[[[  -6.57341716 -139.3804653  -105.1670695   -39.70340224  115.84081859
     59.63661211   23.13388737   12.23929088   12.56943271  -11.15460138
      9.1292236   155.37858281  259.31437558  250.58001743 -133.13267517
   -230.5685184  -237.63081959]
  [ -18.42529493   16.57913085 -115.76932244    5.88692945  -53.42971209
   -193.14224396  -61.17217888   55.31598871   56.91995531  -34.76732099
     26.58677365   29.78099011   34.56270267  -68.22235483  102.80402375
    160.21014612   56.963936  ]
  [-127.96022185 -138.61097741 -548.18500021 -750.16253906 -139.2263691
   -547.14570462 -750.09688424  174.3855897   553.87614236  622.47581781
    821.29893393  526.5943516   203.78479393  -99.15445887  501.36738227
    202.98366131  -99.63752235]]]