[[[ -1.13028951e+01  -1.69213217e+02  -2.43890270e+02  -1.54685629e+02
     1.47711073e+02   1.32323053e+02   1.05991863e+02   9.70448975e+00
     3.38525546e+01   1.48980367e+00   6.68982155e-01   1.90694487e+02
     4.24870347e+02   4.59322944e+02  -1.57828932e+02  -3.70196557e+02
    -4.48314466e+02]
  [ -1.75390395e+01   2.12862355e+01  -1.48101179e+02  -6.70563029e-02
    -5.63643121e+01  -2.14423034e+02  -5.83473341e+01   7.81561014e+01
     1.06030480e+02   2.95989746e+00   7.23125067e+01   8.27719632e+01
     1.33374968e+01  -1.54679065e+02   1.53703892e+02   1.37771433e+02
    -1.42373888e+01]
  [ -1.96724828e+02  -3.17763011e+02  -7.53077673e+02  -1.03245038e+03
    -3.44543664e+02  -7.26039390e+02  -1.02758767e+03   1.41435753e+02
     4.36883281e+02   6.36969592e+02   7.16597651e+02   3.83228157e+02
     1.58802178e+02   1.47238516e+02   4.12939075e+02   2.30250244e+02
     2.35232689e+02]]]