[[[   2.79925938 -129.2478392  -106.88109654  -32.38906499  114.76538819
     54.9741402    83.09237529   27.96188297   14.75648453  -29.50415749
      6.47237839  153.03554241  257.12503334  240.06957013 -123.72077923
   -216.41936995 -232.54038731]
  [   1.43040602   74.3154637   -28.71833403   86.81114746  -71.4545782
   -175.56435312  -65.39858639   46.4376655    27.21281506  -57.87363493
     -5.99740719  -37.23876567  -66.21749738 -160.82120919  112.8727722
    197.68835565  102.37377001]
  [-103.32064376 -160.1579516  -542.62314591 -781.32578757 -161.03947576
   -579.31322663 -905.71076048  194.80512471  513.32742021  622.52280725
    773.76688925  485.7677913   166.12288216 -133.40196914  461.41928634
    165.87173788 -133.23661828]]]