[[[  13.39265992  -92.46653296 -105.68340288  -27.71789204  115.22741675
     54.53985145  100.21662991   33.03925209   11.64501811  -49.32884274
    -29.58955591  148.04275575  256.17239624  237.31929119 -122.17261809
   -212.55709388 -232.75963379]
  [  10.80948794  100.93003918   13.26140102  124.79653855  -79.31098929
   -165.86422332  -56.40848302   39.67230631   11.69004634  -67.97190031
    -24.68012214  -68.66286538 -117.99082152 -207.42284476  115.68153809
    214.83084803  128.66903945]
  [ -93.75904724 -132.60392757 -573.49121553 -786.80532782 -157.4708225
   -583.6968707  -910.36482442  200.37871761  487.73081474  611.14967016
    770.83166728  485.81303327  170.69374671  -98.87033613  460.34082315
    166.12480608 -133.06875025]]]