[[[  10.28119483  -94.49234944 -104.9673363   -28.95312874  122.4699179
     51.73619501   -8.50070908   36.00288209   18.56961956  -37.61115456
    -22.54455262  159.50849428  265.34270253  210.85089235 -121.36733636
   -216.11249235 -231.53991675]
  [  14.24446511   93.09591344  -26.34881905   60.03969201  -64.60692572
   -198.66793874  -80.82446491   57.53720583   36.64089261  -49.20588071
     -0.91443844  -35.49955495  -80.23971555 -169.66588914  128.8322986
    207.33561663  105.95682534]
  [-121.24566275 -116.31462008 -527.81680585 -761.63644833 -143.06988147
   -553.21871049 -764.72186439  181.4807887   549.46779263  611.53523796
    816.63666054  523.45799875  201.07705141  -72.13241566  496.59776
    196.34531378 -108.11118924]]]