[[[   4.49179695 -100.28159362 -107.40432406  -33.16086786  119.48433087
     50.78738347  -12.17084356   29.54091674   15.31893088  -34.72792509
    -24.64860515  157.65823182  266.5278731   251.51409567 -126.28493845
   -221.21377494 -236.12589817]
  [   7.64994054   78.53470492  -43.85756438   49.04875787  -63.23477297
   -199.15199444  -80.45840957   56.41892463   38.87238037  -48.64048771
      2.3036802   -23.49143009  -53.66834919 -150.17255641  122.84927057
    201.42893631  105.73498011]
  [-121.8532125  -116.70168646 -529.01846586 -762.61225691 -143.50733146
   -554.66971917 -765.47221313  180.86383495  550.48867506  613.46533149
    818.18829061  524.58827667  202.24014909  -72.80600306  497.54588912
    196.87952438 -108.85918924]]]