[[[   4.01096777 -101.43439502 -109.00801945  -35.21521116  115.91671999
     51.09044061   26.90947764   25.85054466   11.10468424  -39.70877582
    -28.73867373  152.09112397  260.84909659  246.21918745 -128.87999358
   -222.51376588 -238.39067165]
  [   6.72033717   77.55463873  -34.91535564   63.34770233  -64.11392654
   -186.35016032  -61.11712808   51.07733485   31.65811137  -53.92036705
     -5.15116184  -30.15741942  -57.94558933 -154.51487606  116.05623023
    199.19593984  104.92713923]
  [-111.3031251  -114.32557836 -529.28771052 -761.23380227 -115.38575181
   -555.07264231 -763.42451486  184.86056825  544.93922992  606.3929009
    809.80294776  519.47274713  198.89750387  -75.56919541  492.39780104
    193.48848669 -111.34671461]]]