[[[   7.7913655  -101.26782296 -110.75097493  -36.563803    118.81709765
     51.27654433   25.56174414   28.97743198   11.4655205   -40.30484203
    -29.03998712  154.0676114   263.52713607  248.03201335 -130.08428698
   -224.60724272 -240.43354973]
  [  13.10053633   85.28370412  -39.94599447   48.51633041  -59.08259046
   -195.77187895  -77.02494538   57.02278223   34.70033495  -52.18151483
     -2.59071379  -28.70519611  -58.0298192  -155.42247164  120.63452967
    203.80698622  106.53430041]
  [-114.33699956 -119.79198468 -505.00491352 -769.89512832 -120.7284185
   -531.04394008 -771.94257252  184.15829977  544.99015302  607.56672477
    811.74996625  519.24742637  195.35093968  -81.95251079  491.71640272
    189.64960337 -117.98738573]]]