[[[  9.85183117e+00  -1.01655624e+02  -1.11514004e+02   5.34908231e-01
     1.12930991e+02   4.57650861e+01   5.40954833e+01   2.70621847e+01
     4.38465470e+00  -5.33238940e+01  -3.72594548e+01   1.44637699e+02
     2.54695726e+02   2.38353631e+02  -1.33735524e+02  -2.26196188e+02
    -2.45037384e+02]
  [  1.85047561e+01   9.93212185e+01  -8.78713196e+00   8.76219828e+01
    -6.23116769e+01  -1.90211605e+02  -6.59816337e+01   5.16754460e+01
     2.28376674e+01  -6.02043160e+01  -1.54311090e+01  -4.82523819e+01
    -8.45146702e+01  -1.79906849e+02   1.17638586e+02   2.07967275e+02
     1.14368668e+02]
  [ -1.04209117e+02  -9.43432795e+01  -5.05116302e+02  -7.69132573e+02
    -1.19392252e+02  -5.03153551e+02  -7.69238963e+02   1.88169073e+02
     5.36382586e+02   5.97004099e+02   7.99681702e+02   5.11066215e+02
     1.89396051e+02  -8.76506439e+01   4.83670814e+02   1.83750538e+02
    -1.22965070e+02]]]