[[[   3.00431791 -110.61191825 -114.32980568  -51.93240745  108.11121504
     86.10690242  134.01920875   13.55943232   -5.43910868  -60.84273169
    -45.59635899  135.21474595  243.89111279  227.62798728 -173.45537432
   -237.13501733 -248.40358894]
  [  14.98650852   79.1451206   -19.71404525   78.82482174  -49.17210841
   -156.01469837    4.42610588   48.18231138   18.74992476  -67.46162782
    -20.19898101  -38.15238191  -64.7650799  -159.57435341   99.69781346
    177.56901538   73.85204478]
  [ -92.22710404 -144.34405918 -570.18354422 -916.32294552 -143.94177237
   -560.14120212 -800.77396456  200.63817963  502.32186053  608.68659102
    761.03299343  477.66774034  185.79484113 -112.87312838  448.70024388
    151.90793552 -117.04038365]]]