[[[ -1.34292868e+01  -1.66033826e+02  -2.36974993e+02  -1.59156383e+02
     1.22324884e+02   1.42069101e+02   1.11259190e+02   3.58825454e+00
     3.68818681e+01   5.71971912e+00   5.62432092e+00   1.94500580e+02
     4.35387970e+02   4.72928057e+02  -1.56696816e+02  -4.03981272e+02
    -4.46029875e+02]
  [ -2.71342023e+01  -7.84903993e-02  -1.47897299e+02   1.14653143e+01
    -5.41899137e+01  -1.93251596e+02  -3.47946609e+01   7.22417750e+01
     1.09107229e+02   7.10068301e+00   7.69125102e+01   9.74784000e+01
     2.74583152e+01  -1.39491273e+02   1.43448248e+02   1.05366165e+02
    -5.04814849e+01]
  [ -1.97220298e+02  -3.29676873e+02  -7.74036638e+02  -1.04307181e+03
    -3.31155158e+02  -7.46638930e+02  -1.03921417e+03   1.37978171e+02
     4.27103496e+02   6.31163044e+02   7.07929855e+02   3.74028863e+02
     1.87784228e+02   1.84373034e+02   4.03840460e+02   2.25954364e+02
     2.62793325e+02]]]