[[[  -8.36157008 -125.0324308   -66.3871484   -89.86724379   95.45745412
    143.3576989   152.49848075  -34.88794542  -22.26884019    4.28600528
    -46.14722045  115.57757314  215.81522126  226.88692941 -167.48602397
   -270.10043233 -252.17126139]
  [  12.67091593  -52.33639565 -157.46542728  -52.76823991   77.67826036
    -53.10452309   49.57233554   54.02717192   27.11909232  -60.8195513
    -10.95860962  103.97121358  178.36381422   77.68630657  -26.51075153
    -47.85223675 -146.56351069]
  [ -86.51836868 -127.90557613 -580.99102294 -917.21926294 -124.84190653
   -542.45580764 -818.01324948  199.19000226  495.97659421  605.47856562
    755.92378225  471.06857379  178.73988797  -83.45682265  441.85627392
    141.22499605 -129.05942333]]]