[[[  -3.50012161 -122.52278659  -89.48007538  -20.8084252    91.7174843
    109.04007833  169.07695672    9.99974003  -19.17175458  -75.23199938
    -62.16530577  120.34623003  230.64204175  214.69585298 -155.53550288
   -216.31792211 -270.32529677]
  [   2.4875655    78.85052006   21.83750546  121.33525537  -73.87540292
   -136.07612631   34.33395806   31.15475473    5.77606056  -73.43867275
    -31.84752437  -65.53418374 -108.95088803 -207.06634737  101.58017344
    205.35823219  117.72490909]
  [ -93.42197909 -153.76730513 -596.47004614 -930.77016338 -153.97969522
   -585.45099119 -797.44954654  202.61914024  505.90302543  613.05742739
    770.08302817  481.62494837  187.92902455  -81.71699586  452.6710103
    179.5453716  -127.15101468]]]