[[[  9.31665483e-01  -1.24038483e+02  -9.45969684e+01  -2.86470862e+01
     1.13315392e+02   9.71790421e+01   1.53028161e+02   1.11849158e+01
    -2.53270191e+01  -6.90039535e+01  -3.66160100e+01   1.09877544e+02
     2.13233579e+02   1.95524518e+02  -1.57919509e+02  -2.14818096e+02
    -2.28842150e+02]
  [  1.32480885e+01   8.63607666e+01   2.44631000e+01   1.26825359e+02
    -5.98646253e+01  -1.26068648e+02   3.13609508e+01   3.30536459e+01
    -2.00040019e-01  -8.00190100e+01  -4.03177790e+01  -6.73770999e+01
    -1.11149239e+02  -1.94759211e+02   9.10976406e+01   1.90128284e+02
     1.05809433e+02]
  [ -7.22662507e+01  -1.16877978e+02  -5.73650798e+02  -9.12925413e+02
    -1.17150925e+02  -5.64216446e+02  -8.00533394e+02   2.07959319e+02
     4.88913559e+02   5.91894627e+02   7.41617149e+02   4.64611994e+02
     1.79702511e+02  -7.89528943e+01   4.37514348e+02   1.70457812e+02
    -1.58753480e+02]]]