[[[  -9.70760217 -120.98283352  -62.79687138 -120.90373168  112.58268854
    161.06742812   56.43151116  -33.63518665  -19.43546319   36.14348663
     -9.96224497  107.6295847   198.03757229  214.24799929 -156.26907763
   -224.37664195 -199.74214027]
  [  13.05871429  -75.84062663 -159.9278348   -26.87062052  101.95804449
      3.8581101   111.86767035   43.36991254   13.52765449  -63.72443224
    -22.3611409   115.8284238   203.61093932  107.3912301   -67.48269174
   -118.74438982 -200.1183359 ]
  [ -69.15121992 -148.29734897 -595.60703322 -892.01821045 -148.13072246
   -622.00594494 -900.39278348  209.71402799  452.42378483  601.75798336
    704.2461866   426.14822997  111.2658354  -116.22664968  400.51013932
    104.37402534 -156.90042278]]]