[[[  -7.93666025 -120.39777183  -63.45092034 -122.68559022  113.38402075
    161.20042082   56.61862204  -32.02988319  -19.89151577   34.76161038
    -10.60421596  107.58675454  199.68591861  215.09805157 -156.79175269
   -224.86331843 -200.95567123]
  [  12.08684291  -76.16314543 -156.27172832  -21.74816952  100.33681315
      5.04363354  115.0695955    41.61987508   10.43770649  -67.01687849
    -26.68696439  112.64689676  204.80699353  112.60008748  -69.39718944
   -118.69520668 -199.15367841]
  [ -69.97442877 -151.10485393 -600.61811349 -895.2309226  -150.7070671
   -626.61328918 -903.25443763  209.84450424  451.44315241  601.98134601
    703.67366331  426.083312    138.37015736 -117.23904838  398.92945234
    102.82320265 -160.67431749]]]