[[[  -14.53795065  -159.16827162  -264.12368729  -172.21117894
     129.26244789   148.84544956   109.11837462     2.99000693
      12.78993216     3.4561024     11.71822534   200.86467426
     444.91083889   520.75942371  -180.1638567   -397.42438517  -468.270791  ]
  [  -23.68954189     5.39767575  -160.28714377    -5.52725456
     -52.77675854  -209.87506973   -55.44909353    79.28518605
     118.66665456    15.22899204    86.40831107   106.90704785
      33.14137478  -143.15808553   153.6661486    107.52361751
     -51.00130176]
  [ -210.61416626  -334.08253388  -768.02901443 -1038.30112756
    -360.97871901  -740.97719491 -1034.15560424   127.76609961
     420.04578387   625.73536672   699.56846146   367.93745558
     186.57986478   217.67229998   396.74058267   221.41180781
     293.94235577]]]