[[[  4.18468599e+00  -1.26721604e+02  -9.86548831e+01  -2.11501271e+01
     1.11633958e+02   9.40076350e+01   1.49899250e+02   2.20439523e+01
     2.59634754e+00  -5.05024379e+01  -3.71919140e+01   1.43560206e+02
     2.51742943e+02   2.35205891e+02  -1.26507653e+02  -2.16481862e+02
    -2.33189065e+02]
  [  2.41294359e+00   8.05667855e+01   1.97315166e+01   1.37708431e+02
    -7.57408713e+01  -1.36293887e+02   9.56779151e+00   2.88485451e+01
     7.53140962e-01  -7.92048601e+01  -3.78667287e+01  -6.81922730e+01
    -1.08505542e+02  -2.01255056e+02   9.50489244e+01   1.96143397e+02
     1.08683409e+02]
  [ -7.17777085e+01  -1.52274683e+02  -6.10216238e+02  -9.10670484e+02
    -1.77970109e+02  -6.38065262e+02  -9.12435312e+02   2.12452830e+02
     4.55931493e+02   6.06673650e+02   7.10519321e+02   4.30138360e+02
     1.41626104e+02  -1.18645795e+02   4.04891822e+02   1.37032768e+02
    -1.61102282e+02]]]