[[[  -14.99172165  -150.93403523  -253.60600934  -168.05885871
     135.81617025   121.76734938   102.52583844     3.58139199
      22.25980948     9.75632817    22.34431257   209.58342995
     458.98943793   578.62663521  -170.51618544  -428.11547549
    -546.21543926]
  [  -40.51587553   -11.31506573  -155.09502622    -5.43075939
     -69.71668497  -200.39521106   -46.18851726    65.35335929
     114.69920672    15.49573099    85.86244083   105.0681062     41.2337196
    -134.76496457   151.05343732   120.04917456   -31.18282209]
  [ -208.98025195  -328.83139023  -764.63502982 -1036.91087504
    -355.82388472  -767.47322356 -1043.43071604   125.49929638
     395.94459601   620.51834069   699.97297677   369.36197588
     194.39390332   223.32499125   374.66154489   261.01830336
     303.30257252]]]