[[[  6.20874908e+00  -1.03590096e+02  -1.09810271e+02  -1.87410858e+01
     9.97370974e+01   7.73755903e+01   1.44188485e+02   2.51145222e+01
    -6.71141085e+00  -5.52349190e+01  -1.82414170e+01   1.30991199e+02
     2.35170531e+02   2.16803589e+02  -1.32227463e+02  -1.86644584e+02
    -2.02852764e+02]
  [  6.26386340e+00   9.35176825e+01   2.53993250e+01   1.34867317e+02
    -8.09899279e+01  -1.40584536e+02  -8.17132451e-01   2.95260668e+01
    -1.96463254e+00  -7.79304248e+01  -3.79321310e+01  -7.93343846e+01
    -1.13375433e+02  -2.00265324e+02   9.99102393e+01   1.99596699e+02
     1.14929975e+02]
  [ -6.60063969e+01  -1.42836487e+02  -5.96282971e+02  -8.96515443e+02
    -1.68231852e+02  -6.24220754e+02  -8.99934084e+02   2.15133176e+02
     4.60636725e+02   6.06195908e+02   7.13585977e+02   4.33998980e+02
     1.15405409e+02  -1.53060028e+02   4.09706354e+02   1.13956403e+02
    -1.54372718e+02]]]