[[[   7.59577304 -100.28988071 -108.38612177  -11.69851126   97.64274205
     74.62915666  144.69750874   27.0960444    -6.66796888  -59.51851305
    -19.02824053  128.33699088  231.7365792   212.58322359 -128.92463204
   -181.50712867 -200.12471982]
  [   8.70765598  103.56893733   38.2031374   141.48183196  -86.15360122
   -142.0637119    -6.83991753   27.89533422   -5.55178865  -78.81164615
    -41.72022169  -90.50732654 -132.05354656 -216.96090652  104.09679268
    211.04413185  132.32830115]
  [ -65.05550603 -142.6167904  -591.58581054 -894.10465297 -168.10928679
   -619.46416134 -898.01461377  215.40454199  454.49536151  603.60033298
    704.90427962  427.56679079  111.41622176 -154.19620748  427.94426191
    111.92899707 -155.15820599]]]