[[[  16.1497483  -101.4008397  -111.74897745  -17.63072318  128.84320981
     74.77526479  143.54983334   29.68892667   -9.34648692  -57.0339406
    -21.47085776  127.22977601  228.66252768  208.50465179 -133.53681522
   -187.79322641 -202.71822668]
  [  18.09972692  105.42244639   24.32987825  134.82588025  -69.22296723
   -143.71520793   -1.73393892   34.24637784   -5.88236271  -83.71783539
    -44.81272156  -82.84512875 -118.17805632 -202.0457164    97.20704502
    196.33093999  108.71844537]
  [ -65.33246863 -142.31806441 -587.37041759 -889.98067083 -167.11286099
   -614.59827313 -893.48252086  215.05848449  452.45613847  599.89760246
    701.32961706  425.77166283  110.0065094  -153.16747007  425.4913707
    109.47628229 -154.5372109 ]]]