[[[  14.40632233 -102.06551608 -111.62054344  -17.67418303  128.17509099
     75.3932747   145.25509759   28.06336505   -8.98069887  -55.68509578
    -20.91906992  127.53813819  228.95229045  209.54514692 -133.45868699
   -189.22036853 -203.33905745]
  [  17.13970408  103.73744333   25.54597493  137.94344192  -69.45801705
   -139.92118521    3.41072685   32.45692362   -8.99323052  -86.96089555
    -49.11966412  -84.71246186 -118.02183421 -200.91787709   93.91586866
    197.31299729  113.77188115]
  [ -66.07484913 -144.71723647 -591.28409224 -891.97664861 -169.79794294
   -619.06008805 -895.86067773  215.01194648  451.08168225  599.57445927
    700.12573327  423.90992715  108.39380356 -156.74694574  425.04365113
    136.15327639 -155.52303509]]]