[[[ -10.32402307 -120.54267116 -125.55423688  -28.16617655   94.84302554
    110.06109974  -10.95769007   -4.82944113    4.13998634    6.04998749
      5.4493213   147.60371195  321.96621086  433.92506229 -140.67333736
   -319.46485876 -427.24645097]
  [ -21.34004824  -20.47509766 -444.29362485 -652.99841313  -22.2049944
   -444.20651891 -646.7036088   182.38468825  284.12499466  207.25463022
    282.05233222  281.39833782  264.89947148  120.163595    277.73277562
    243.45104744  108.76043332]
  [-292.3273998  -346.33928063   38.2783229  -193.56605429 -372.13649583
     23.50014347 -197.76354739  -74.88679802  169.05757248  299.51905979
    374.41205021  131.94485033    1.76852826  -34.24995902  154.91673363
     55.5255908    20.88326206]]]