[[[  -8.41845184 -116.3272803  -165.31984035  -60.79765119  105.30663112
     94.76295345  -31.11688233    3.00996405   12.75465897    4.77320171
     13.23045538  159.40379213  299.9003894   353.33780832 -134.73982266
   -303.18539873 -389.68123357]
  [  16.86158285   25.77199031 -415.02321569 -608.89334686    7.95118538
   -430.93674001 -606.80617481  189.98968429  252.81155684  165.5910487
    237.59950503  240.17779808  218.44315347   77.97028929  258.94592716
    256.8463503   117.82017351]
  [-264.17919429 -329.09858793   17.37871489 -231.58690842 -329.46753967
     11.51135895 -235.37848811  -38.40517805  217.24283103  335.72158028
    425.06851343  179.4119558    -9.80116598 -105.68321892  199.47586201
     14.37688739 -102.72627649]]]