[[[  17.23705213  -84.89475019  168.36515663  333.68813566  103.15714241
    400.41009765  370.30989757  -33.39969952   -2.92061056   49.82709147
      8.51886441  116.76131571  189.14107633  208.82065782 -123.97209617
   -231.31909181 -183.29250865]
  [  97.38276276    7.95804417 -341.49894418 -377.1278053   186.80750284
   -163.82036093 -338.8651031   173.87848429  153.86292702   71.85281394
    121.55258986  246.74128442  304.49647185  215.12154052   62.29824651
     21.4975187   -66.64999098]
  [-199.50227482 -251.6259308   -16.61722573 -289.21064322 -273.22999656
    -22.53486983 -292.87108198   32.06336233  278.96305058  377.53554783
    491.14481172  257.11321734  -37.96400779 -260.99711593  259.11554955
    -14.30006253 -286.98924677]]]