[[[ -14.14099755  -95.89305803 -428.403558   -422.86674193   84.80209437
   -215.74492749 -385.90258307   41.88476626    6.38159196  -54.90431716
     -5.42085039  123.84819488  201.1936698   148.32075454 -110.2059712
   -180.83396121 -172.19246389]
  [ 109.00130589  213.54936962 -108.16786804 -276.39379742    4.45323206
   -313.77275935 -314.99129286  168.14130179  138.62539457   62.08881768
    106.92149007   33.00184508  -19.18883942  -89.24255994  246.82533977
    303.04394672  218.39654235]
  [-192.32591535 -253.92767542  -21.12690797 -301.8504911  -254.70487082
    -24.36434179 -298.93258117   37.82024447  276.32148053  378.30373813
    488.90428337  254.53802311  -43.77352707 -267.29993635  275.34979353
    -42.42143104 -267.30917717]]]