[[[ -2.46191951e+01  -1.26590955e+02  -4.04084347e+02  -3.84051815e+02
     8.79498550e+01  -1.74516487e+02  -3.49788879e+02   3.16991406e+01
     9.32616543e+00  -4.25517323e+01   7.69093479e-02   1.31005966e+02
     2.08505162e+02   1.57639816e+02  -1.12506943e+02  -1.83813302e+02
    -1.71592673e+02]
  [  9.99293305e+01   1.87732426e+02  -1.74013199e+02  -3.51534599e+02
     1.21262423e+01  -3.43792105e+02  -3.79186429e+02   1.78698555e+02
     1.59344787e+02   7.68095134e+01   1.29237366e+02   6.84691707e+01
     2.65116091e+01  -5.32371812e+01   2.49033627e+02   2.96032235e+02
     2.05247277e+02]
  [ -1.96191353e+02  -2.56548574e+02  -2.01845742e+01  -2.96176791e+02
    -2.56578865e+02  -2.06080480e+01  -2.92695145e+02   3.28421595e+01
     2.80489314e+02   3.80457159e+02   4.95801452e+02   2.59029617e+02
    -4.18438108e+01  -2.67394076e+02   2.59172817e+02  -4.22634934e+01
    -2.68077481e+02]]]