[[[ -22.95143591 -124.14124946 -398.27885232 -377.88758829   87.11277531
   -169.50263897 -343.41665554   31.82240987    8.79979217  -43.22292348
     -0.55768531  128.65136672  205.01701985  155.34860698 -111.10196384
   -180.17238199 -168.95627974]
  [ 100.56328931  187.06641214 -168.67253931 -343.78352116   14.06017187
   -337.85844798 -371.09990286  176.39500641  154.36050835   72.08878369
    123.07324134   65.38383573   27.80739472  -52.97020538  242.7916312
    290.184132    200.98420779]
  [-192.98345996 -256.32266376  -18.94068794 -295.44446459 -256.55677627
    -20.05215566 -292.24783595   34.5053635   293.451089    377.58240467
    465.85204375  272.10539737  -45.70741401 -269.5312768   272.43832404
    -45.76307734 -270.13002406]]]