[[[   3.18388564 -116.16406149  117.77025068  278.13454619  103.99739503
    366.1889759   318.75543195  -36.19959232    0.88504882   47.93962456
     12.12793531  124.62269923  197.40619919  184.65505624 -124.35495834
   -230.12128395 -153.0540306 ]
  [ 106.19963566   25.72601101 -340.74221173 -375.71152213  186.67328494
   -177.94886344 -340.52100516  176.78924695  147.17566515   60.04667955
    111.33211508  231.58932079  278.2647699   176.609928     63.87864405
     21.91875106  -61.86158094]
  [-194.63016822 -258.96438748  -18.38495669 -295.30327896 -261.09721682
    -26.58698194 -300.94966085   36.4407434   280.2924914   376.8352138
    475.70312069  257.85923203  -45.50841901 -273.86889706  280.93417945
    -18.20313393 -271.42967927]]]