[[[   3.91787184 -116.84999987  118.17649437  279.38469897  105.10447995
    367.80908968  321.14190174  -35.90276632    0.74271629   47.28063898
     11.83225699  125.66749528  199.86779246  186.30732364 -125.58114511
   -232.43894134 -154.65197886]
  [ 107.55705048   26.67994198 -341.0170815  -374.54792953  188.43418023
   -177.77736185 -339.54854428  177.47864796  146.95090927   59.30351022
    110.56180321  231.68005414  278.20765988  175.75109307   63.70230748
     21.05686426  -63.46030521]
  [-195.25091906 -259.32037239  -19.47191019 -296.51691917 -260.98364686
    -25.98010825 -301.60220967   36.34824421  284.12079426  377.29650586
    481.03267291  261.93988585  -42.91586898 -273.45457956  264.06993197
    -16.64443221 -271.10818253]]]