[[[   1.05101308 -111.97808569  170.11709587  331.66681201   94.32326383
    401.40927902  374.47296248  -44.88372157   -3.20259808   54.33877183
      9.68147848  112.83567588  183.55912815  203.87993053 -121.21514196
   -222.83921619 -145.04443566]
  [ 109.57503387   12.19738874 -324.10590875 -334.10503582  206.95269357
   -126.85042648 -289.77709409  169.60818544  138.67544877   58.2518585
    103.93761285  241.22316343  299.95698539  202.35478535   39.32309829
    -14.93110177  -95.29774229]
  [-190.86851665 -253.61605658  -18.93893858 -299.26348066 -254.88811516
    -24.22723778 -303.49869528   38.70280444  284.59560544  374.49271031
    472.99563521  262.6074397   -49.43296899 -268.4500289   264.36321296
    -25.39360554 -266.66294002]]]