[[[   1.47879568 -114.60365751  145.31796366  305.73909956   96.99376517
    384.20727771  345.24498258  -41.9948147    -3.35488109   49.72951564
      8.74351247  115.5185386   188.31417504  206.87829029 -123.8759623
   -226.16967757 -148.44410373]
  [ 107.71876893   18.38251549 -333.92080656 -354.7665618   197.0550522
   -153.55947633 -316.67007774  174.17882824  143.91573485   60.6050207
    109.36215978  237.97149278  289.02638847  186.53411153   52.31749243
      5.05245249  -81.26056654]
  [-196.12850816 -260.24245036  -19.27543368 -298.06169294 -261.93992994
    -24.74514765 -301.44782074   35.51600409  285.36993471  376.39110721
    476.17508078  263.14115493  -51.59576903 -247.18593494  265.1418089
    -28.41915916 -272.69905281]]]