[[[  19.25349784  -81.4783989   167.04987488  337.42666318  105.98456417
    401.20847102  377.00889307  -33.48993301   -1.82848087   45.42750991
      8.786391    117.7971435   192.07504214  210.38941643 -145.76848712
   -227.57882799 -178.37836305]
  [ 100.956986     11.67056091 -340.0061815  -370.65634659  190.24342515
   -162.93911893 -336.2943832   175.61460829  152.84390144   70.09548389
    119.46325986  245.09407773  299.63017435  207.27765965   62.56968313
     20.9028359   -68.83820338]
  [-200.77032278 -265.26394455  -18.56280623 -291.06602383 -265.28333408
    -17.43862517 -293.23913309   30.46816387  282.6347723   375.39894866
    473.9143912   261.78054681  -29.66421216 -249.42090998  261.71478489
    -30.67896725 -276.90575521]]]