[[[   5.78726374 -114.78350845   67.30636754  221.38371364  109.6732721
    329.71231847  264.32431517  -27.83288424    2.55328673   35.5662716
     11.48170121  128.73066023  204.85239292  218.8263185  -148.41959937
   -229.4719004  -183.44262389]
  [  99.76194853   35.71021343 -358.40461769 -422.15379551  163.81371234
   -230.09218807 -394.86092422  183.23341703  157.61255989   65.69978034
    120.76933108  224.7462583   266.14880523  159.91709623   91.17479992
     65.14025505  -38.36513654]
  [-197.286343   -249.54804701  -17.05186225 -291.48920868 -271.8587227
    -22.13326156 -293.75308838   33.42641439  286.24252092  378.16254524
    480.56385824  264.45149486  -35.01813299 -258.88679589  265.85482124
    -34.15167155 -286.81606855]]]