[[[   9.04293201 -106.56744695  126.49438957  290.05854099  104.47817284
    369.51121617  326.03730655  -34.83356654    0.7510705    43.66134454
     11.61352334  119.72662447  194.07120222  209.85024322 -141.91829202
   -220.2126758  -171.79242239]
  [ 101.76185916   21.29335746 -343.2957003  -380.16265141  182.23039674
   -182.19196549 -350.11085426  177.77239367  150.81555026   65.10498718
    116.44702282  234.90955746  280.51573822  185.20059814   68.05742811
     30.24086138  -60.1369585 ]
  [-208.26175606 -276.97412511  -18.69135341 -290.6262518  -278.12434909
    -20.35643079 -292.58036183   27.99929344  284.69232497  377.11776246
    473.24235081  263.50273249  -21.75511784 -229.9102339   264.18317416
    -23.52011634 -288.51346447]]]