[[[  -8.47937659 -119.65207359 -197.29460947  -94.68695016  108.26989614
     70.12832474  -65.68912264    6.39238348   11.79015315   -5.08851383
     10.73949105  139.51519136  216.12812664  210.15621167 -139.98849047
   -215.75202815 -221.20647767]
  [  73.48236528   90.70004353 -345.90776212 -505.55916683   56.26470891
   -378.99109503 -507.9200802   191.6587846   190.40159827   92.6242007
    159.01556008  168.98620488  162.33010603   43.06373142  204.42447199
    221.50957532  102.38514707]
  [-211.04690514 -273.33907342  -15.47778248 -277.74388319 -273.08962832
    -15.85889833 -276.79254699   20.6133587   281.54171504  383.0420671
    498.68652307  260.37123809  -34.46430237 -248.4135039   260.3702025
    -35.91945305 -281.52230967]]]