[[[  16.11845421 -102.62905431   -3.28442036  148.23665584  123.93357414
    262.75594441  180.37507241  -11.85045416  -12.68856642   13.99027007
     -8.72087731  138.83451833  218.84344577  226.46358558 -139.71526534
   -238.39449267 -205.92686806]
  [  77.62065995   40.26608753 -384.06093119 -490.93844793  114.97526033
   -311.55126509 -480.52864485  190.42517095  186.28663507   90.6517217
    154.49913287  221.45363698  239.61104316  126.71812575  145.97268211
    135.90455833   18.05167818]
  [-214.33026031 -278.25867227  -17.03610034 -279.64228001 -278.08500504
    -13.16503098 -278.76258474   18.44451946  276.05719717  379.72600565
    492.9223613   255.65340577  -13.69449754 -223.97144346  254.44138338
    -40.10512426 -286.22794573]]]