[[[  -7.33251015 -129.58944027 -176.27850114 -126.65203035  126.79587893
    189.75128591  117.13697272  -11.58357275  -15.92833001    5.98195911
    -12.85316804  152.99294446  253.73277202  284.98647665 -158.71955958
   -278.35888855 -236.53147037]
  [  39.67818186   20.00005125 -163.71164213  -31.81223264   59.35630427
   -129.38347273   -4.86816589   82.2409473    37.18599218  -66.69756424
    -19.57441203   72.97672064  116.37249892   -9.96788306   28.50979972
     44.27296488  -75.9848604 ]
  [ -93.27772968 -172.9644709  -528.87758471 -844.89609415 -200.37290526
   -559.75327494 -852.83196309  198.02085053  454.69327291  598.81988836
    702.26339462  427.72684981  126.36816756 -149.70916598  425.52772647
     88.45132989 -223.48469319]]]