[[[ -15.90218832 -116.17760648 -148.14707247 -147.44208802  105.19944026
    176.73011228   90.16970908  -29.05571059   -3.6170192    30.11953587
      5.75140221  132.60472506  225.56161496  268.21203647 -166.44293305
   -265.21300016 -214.46169988]
  [  25.4325773   -31.57018121 -155.93447709   -2.26828768   82.43535697
    -54.36303402   58.23117786   61.47392626   22.05188229  -71.29726889
    -26.33703515   96.17550007  168.79156481   47.32351728  -26.80857078
    -48.58914548 -157.9852702 ]
  [ -85.09530629 -167.83189879 -594.77809523 -883.42901334 -190.26055641
   -563.99167318 -876.83656726  205.67796335  468.01900101  607.78779371
    713.12003815  412.98539223  106.45924532 -146.05837181  440.28361094
    104.68772661 -177.96966205]]]