[[[ -14.38608825 -112.39793301 -141.7810258  -131.51259982  111.57487371
    185.27705132  100.85763709  -29.79571533  -27.17941524   26.08896793
      8.36235011  137.46894733  232.13920922  274.39569654 -164.51334771
   -292.68823591 -210.65817055]
  [  28.03105666  -28.88543723 -172.00838837  -26.77787968   84.94755416
    -68.93516513   39.76841827   69.03322001   31.70776332  -63.98943865
    -18.10731107  105.44502897  178.73709198   49.44652755  -16.62572174
    -42.95062505 -157.78559957]
  [ -92.67295883 -177.099227   -568.62834412 -874.07040617 -199.67649914
   -568.83096151 -876.04782056  200.28628757  461.06288861  607.38249037
    707.17426441  432.83090385   98.15705112 -154.88544399  432.98320847
     97.77451274 -154.93199752]]]