[[[   7.50910306 -102.74513749 -187.75230892  -73.25850722   91.23042374
     59.16252313  122.64918036   44.11911136   28.04672188  -33.59823289
     17.55613108  157.17314829  210.85439738   79.25960155  -92.23598975
   -174.9231596   -85.6263513 ]
  [  13.59982594  115.85435324   10.57669184   99.30603009  -88.65471179
   -165.6567855   -27.37561819   46.83059653   23.82406902  -49.54017852
     -7.61916303  -75.39207484 -153.73137087 -188.27806745  137.14140611
    207.28971772   79.8558978 ]
  [ -83.71157093 -160.47685012 -619.38747844 -909.79721452 -184.40330876
   -621.69539071 -907.20506619  201.70571977  455.28411701  608.80011737
    702.35523567  426.19811943   91.09523049  -90.32504334  428.00065771
     94.23162194  -93.34435618]]]