[[[ -25.66303098 -143.88801419 -118.45086624 -157.35829384  100.91875265
    147.87951102   45.14343086  -41.2766144    -3.41826438   43.61114391
      7.87168385  132.28176282  194.69448746  278.38676794 -142.02278226
   -273.09653584 -181.15650277]
  [  18.32395169  -61.28613974 -166.05964676  -12.79815665   97.93401684
    -14.34083266  101.12691419   51.74930293   23.71940842  -64.93893562
    -18.4525222   120.72829289  210.66837607   89.98058143  -51.01739097
   -128.98793823 -232.14940288]
  [-104.30071067 -214.37976575 -606.27875883 -918.42484544 -216.3465215
   -635.77991672 -933.46165572  199.18872494  476.01653734  621.07165816
    709.33195806  421.93378296   97.44296407 -164.09223615  450.83322849
    141.73808979  -14.95786029]]]