[[[ -36.2516857  -154.32966245 -129.2353142  -187.94603401   88.95598804
    138.9273102    20.02169361  -54.97315562  -13.37844492   38.35145471
     -2.86615174  121.071228    183.83836938  271.23256558 -151.37077092
   -242.57332915 -110.27178772]
  [  17.36352996  -73.36745931 -162.36783503   -2.61496993  108.09441507
     11.25648043  126.82357432   47.84369881   31.34554261  -56.29951481
     -8.10634254  137.60906726  223.45620381   91.81088607  -60.10117084
   -206.52354181 -294.2680124 ]
  [-120.95903653 -238.39601757 -638.80933133 -944.72101331 -241.14134369
   -669.84021717 -963.95603421  187.15067861  464.09041766  617.55577783
    701.28482595  408.30303976   78.65956294 -183.86907155  441.22614996
    169.41377858  189.44276629]]]