[[[ -2.62692456e+01  -1.50647447e+02  -1.31694885e+02  -1.90727169e+02
     1.00889475e+02   1.08756727e+02   4.29064675e+00  -4.40074268e+01
    -7.01882020e+00   3.40131859e+01   8.45489422e-01   1.32970405e+02
     2.00080190e+02   2.87597297e+02  -1.49846421e+02  -2.47039795e+02
    -1.44892215e+02]
  [  9.87733631e+00  -6.90962075e+01  -1.44424898e+02   2.13982434e+01
     8.88507643e+01   1.00856990e+01   1.44283223e+02   4.20519722e+01
     2.77706394e+01  -6.25945408e+01  -1.13401489e+01   1.23120453e+02
     2.09219172e+02   8.36247425e+01  -5.05523220e+01  -1.93800618e+02
    -2.92480525e+02]
  [ -1.25620259e+02  -2.47991892e+02  -6.63193650e+02  -9.59746929e+02
    -2.50368064e+02  -6.95264170e+02  -9.80563583e+02   1.85058987e+02
     4.48648612e+02   6.21433401e+02   7.16834734e+02   4.17887117e+02
     1.11387668e+02  -1.87872817e+02   4.26026586e+02   1.78278821e+02
     2.39524458e+02]]]