[[[ -18.4870794  -119.17348955 -134.6631421  -216.66091042   96.51045388
     60.2336258   -46.20442805  -35.8942918    -4.16612472   44.34116126
     33.4221823   128.94389978  188.09747514  277.97501627 -142.58941071
   -241.23770319 -143.35278277]
  [  -6.95152862  -87.52438401 -122.81182135   36.63531573   73.62117006
     42.87837705  183.20983496   23.0933645    22.93913761  -62.31661661
    -13.75439735  117.5362998   209.8072101    94.32167387  -57.23311319
   -220.23913724 -317.31542056]
  [-117.12589219 -239.28457304 -684.42896239 -959.35165667 -241.96800231
   -717.41345602 -982.90240926  181.98212353  438.17677132  601.46116156
    674.68884104  406.70234249   80.56001829 -217.3381365   419.94565582
    224.15294397  356.57388006]]]