[[[ -1.62678435e+01  -1.24264197e+02  -1.10976663e+02  -2.07111340e+02
     9.46856418e+01   5.68236816e+01  -5.15686777e+01  -3.65451372e+01
    -8.72609444e+00   4.23464031e+01   2.88309912e+01   1.27009362e+02
     1.88198886e+02   2.79218896e+02  -1.25079118e+02  -2.52474357e+02
    -1.53247031e+02]
  [ -1.07945557e+01  -9.18832629e+01  -1.30310773e+02   3.05370936e+01
     7.02939958e+01   3.66745770e+01   1.76245390e+02   2.34936466e+01
     3.27452333e+01  -5.31319368e+01  -4.12647166e-01   1.25976485e+02
     2.11788207e+02   9.25760916e+01  -4.80410046e+01  -2.25429144e+02
    -3.23272999e+02]
  [ -1.32025724e+02  -2.61487036e+02  -7.14924398e+02  -9.74869992e+02
    -2.64229237e+02  -7.20613882e+02  -9.91149096e+02   1.72554769e+02
     4.34268755e+02   6.03690826e+02   6.76711130e+02   4.01648195e+02
     6.97530472e+01  -2.01520629e+02   4.17672700e+02   2.52270899e+02
     4.28803089e+02]]]