[[[  -24.7613677   -135.47413844  -118.04730505  -213.93747982
      84.6364795     88.4972119    -39.83089937   -49.48734906
     -20.24529667    38.22127079    18.46639929   115.73045049
     178.8189929    270.72733681  -136.52512975  -223.84952236
    -122.73547848]
  [   -8.81815798   -98.87579636  -151.28965034    10.70100373
      81.23929815    28.28157473   151.02155375    30.51920998
      50.02049093   -36.95018819    19.23970518   151.03237605
     230.70734637   106.00906094   -45.65319918  -265.04377087
    -346.5723828 ]
  [ -157.92414048  -300.51862433  -724.03504902  -988.96455372
    -304.78624692  -730.7657915  -1007.80324501   160.39302503
     435.90444949   612.22472297   682.91736851   375.68412079
      65.80162786  -204.72648445   446.30115571   289.67565689
     510.53769587]]]