[[[ -23.68418547 -132.51857969 -116.73005385 -209.90240895   83.1406001
     85.42449285  -41.68181526  -46.42733385  -19.14873967   34.43874561
     17.47663372  114.09550012  174.03840716  264.38142411 -133.25205129
   -217.99980558 -118.90782785]
  [  -7.82684874  -92.6583891  -140.94620215   16.83726216   77.00445631
     30.26408863  160.03208609   28.740318     47.4190863   -39.1510223
     15.18029307  142.50655551  220.63381528   97.23878197  -41.75621728
   -261.77501617 -345.34728278]
  [-147.24947481 -279.41367756 -695.16483249 -956.17280102 -283.9545542
   -730.69394715 -983.49732696  155.96356523  410.15639358  586.21427482
    650.20691915  376.5814566    46.48230731 -219.9567312   421.04196139
    271.08942536  560.97499009]]]