[[[ -16.42702216 -106.71035649  -90.1998641  -208.91900328   72.90010509
     71.51645194  -65.30917699  -41.2744011     3.33011257   48.55538531
     42.82578953  103.29655589  158.64404805  251.27506437 -139.77725397
   -231.3848058  -135.71584694]
  [ -14.92988397 -110.6909194  -146.44773597    1.65087085   80.83093296
     46.92106441  166.7023543    19.74285857   43.4055667   -39.14142292
     11.75222286  148.003225    240.46721946  129.17996091  -54.73654385
   -269.24182485 -349.75492694]
  [-143.36518858 -277.32277699 -728.96481283 -979.85341917 -281.26781049
   -735.90871423 -997.56495757  163.18987326  416.98552946  594.72082295
    658.24024871  382.76257733   51.87506075 -218.71346247  428.89090201
    306.19020747  531.69299996]]]