[[[  2.00222902e+01  -9.32711913e+01  -1.83021707e+02  -7.09935187e+01
     1.04355795e+02   7.00266977e+01   1.27899418e+02   5.28481762e+01
     3.55555880e+01  -3.55972460e+01   1.64906857e-01   1.66928882e+02
     2.20623994e+02   5.18294922e+01  -8.64415438e+01  -1.71302091e+02
    -1.15448824e+02]
  [  2.10506843e+01   1.24614609e+02   9.12345857e+00   9.12739769e+01
    -8.25132355e+01  -1.74154126e+02  -3.41201590e+01   5.24389547e+01
     2.52644238e+01  -4.94433825e+01  -8.62342007e+00  -7.61862100e+01
    -1.57925739e+02  -1.97428569e+02   1.41067796e+02   2.11947898e+02
     7.29242687e+01]
  [ -8.87378476e+01  -1.68676849e+02  -6.02251021e+02  -9.02238760e+02
    -1.92697660e+02  -6.04250418e+02  -8.99422331e+02   2.00161838e+02
     4.56188543e+02   6.08647927e+02   7.06684957e+02   4.27120191e+02
     8.56120510e+01  -9.88268178e+01   4.28247327e+02   8.82024177e+01
    -1.01200103e+02]]]