[[[  -21.36219957  -138.9617696   -128.07726268  -222.75642898
      84.25727899    82.1146821    -43.39867606   -37.56584341
      13.9728481     45.08205357    52.74961065   120.35478815
     181.24805363   270.12734631  -135.85881437  -233.97680902
    -167.94995213]
  [  -13.63325601   -89.9315578   -129.73080524    38.76406179
      62.66483315    24.35697606   168.07440313    23.69263887
      43.06064639   -45.55269368     9.51789193   132.13190482
     218.22455146   103.44518832   -36.44486443  -252.90449734
    -342.02616323]
  [ -151.48948564  -288.70750983  -719.26281548  -973.92881256
    -294.1294121   -756.64241091 -1003.10488519   157.09419314
     419.67105375   589.66999399   665.29022638   359.7843541
      78.53362542  -226.85153307   407.34983972   314.26543616
     582.5654189 ]]]