[[[  -12.63369075  -129.68771602  -117.34531889  -199.83804117
      97.31998669    94.66857337   -19.65559562   -33.38687643
      -8.03245981    41.5902453     60.61044236   131.43528246
     193.10241211   282.07966904  -129.23680183  -268.69431237
    -206.21975702]
  [  -23.76192577   -92.64020194  -137.41308497    29.32197671
      45.11615827     4.78386423   149.77165029    26.68267638
      60.02332704   -29.80355705    30.20439693   140.02302137
     217.20361911    96.91600742   -12.57948385  -234.5147378
    -333.69250177]
  [ -158.22027699  -293.98285938  -722.8184486   -974.11882439
    -300.01970475  -761.51041949 -1004.09566748   150.51922098
     416.48211944   590.58207342   663.25419841   354.57474048
      43.87557639  -232.7463215    406.21565727   352.37051415
     621.49454543]]]