[[[ -14.31232626 -132.53458129 -120.69969036 -202.5884134    93.80250313
     90.89369713  -21.63809344  -30.70957472   21.75605474   46.90760211
     60.06792524  129.90994451  189.61536618  277.86180854 -130.08278276
   -270.13474671 -210.45549824]
  [ -17.45563944  -86.86877861 -130.78940753   37.38426557   51.95730421
     10.84627236  157.53961626   24.489238     43.71575593  -46.978684
      8.55211748  126.63465179  219.56796807  109.14112228  -26.22562215
   -222.18438681 -323.22956772]
  [-147.1812894  -282.00452118 -710.51105    -968.16551209 -287.29104016
   -747.87480261 -997.19053068  161.01318862  424.85810064  593.82820063
    670.16359525  364.71740341   81.89599321 -259.0458492   412.42977882
    317.73479838  547.35737497]]]