[[[ -11.94700576 -128.54936596 -116.49657879 -195.79157477   96.95886799
     94.43366965  -15.61457997  -31.57796367   -8.33053538   40.0942926
     59.40143012  130.51201819  191.46559128  279.3733339  -128.46789582
   -265.50701221 -204.79352288]
  [ -19.28133989  -87.27464973 -132.80886122   33.47818637   48.71176309
      6.13245456  150.52525957   26.42782375   50.32152496  -40.22137874
     16.66015527  130.69209905  218.57721775  105.0014806   -19.15700652
   -223.96563092 -325.56612938]
  [-150.45893115 -284.15023975 -709.2281989  -962.78559131 -289.37060711
   -746.25387627 -991.77625357  155.70710476  419.14009946  589.02327681
    663.31656023  359.35456133   78.63322097 -259.32802675  406.86834424
    315.17976653  579.28560951]]]