[[[  -11.86963481  -129.33259839  -117.36271598  -198.62713113
      97.57256884    95.03853775   -17.81978264   -32.01057237
      -8.96864702    40.37295725    59.7082233    130.90011141
     194.20768271   282.51331764  -129.84984934  -268.12428486
    -206.30234597]
  [  -20.42319076   -89.84897633  -134.30552381    33.76334819
      49.00240028     7.04419939   153.39453109    26.44925815
      51.54469689   -38.45540171    19.12094561   133.35783815
     218.09023328   101.47778437   -19.36361876  -226.16781098
    -327.89853531]
  [ -154.46382162  -290.24086638  -719.64207547  -973.48587825
    -295.45799037  -757.01283713 -1002.20704925   154.41977996
     420.15137609   592.35830621   666.71380424   360.08054661
      78.9396568   -226.82965902   407.78315643   315.23646662
     582.77985804]]]