[[[  -19.84270709  -133.75082989  -118.08623484  -201.81300543
      90.76483589    92.05492832   -27.05500433   -41.4009296
     -13.51919536    42.79397707    56.38113354   124.46589211
     186.49396398   276.18331168  -133.31837966  -265.2381188
    -162.43130685]
  [  -11.93602063   -91.33062355  -148.45641803    17.67312547
      67.4583858     16.15798255   151.20070591    30.82073246
      54.70568878   -35.26781519    21.65883786   145.73628997
     227.30269559    99.63325207   -28.20751089  -250.01408349
    -343.35358712]
  [ -159.99281469  -312.3470204   -708.76350043  -972.19400139
    -291.32600788  -745.72258779 -1001.67892309   152.58464535
     423.31433919   594.15301212   669.65227058   362.4458188
      52.38608748  -220.24966811   411.02954692   317.42065175
     586.13186664]]]