[[[  -20.59396031  -133.79386211  -118.93712684  -207.46079517
      90.16873057    91.30249979   -30.90550072   -40.20652334
     -12.84766639    45.40730983    57.6584789    124.82899583
     186.11541864   276.72338515  -132.34354353  -265.47655217
    -163.39875772]
  [  -13.12860821   -93.3095955   -144.55633658    18.08946229
      67.05218772    20.28878029   156.57348464    28.41483267
      50.36535391   -38.29427334    16.84899787   142.41239167
     227.17758956   102.60269284   -32.77160247  -246.65069388
    -339.31826012]
  [ -149.79509051  -282.78503138  -709.58207206  -973.62942013
    -288.00443858  -747.07508347 -1001.68848673   159.1932741    424.5508214
     594.31540672   670.40187502   363.72484184    52.88957178
    -221.85509398   412.00320989   315.20844499   548.40700026]]]