[[[ -19.92295631 -132.82554275 -118.2992847  -206.37578811   89.90374199
     90.62909743  -30.804699    -39.87530108  -12.87256223   43.32757881
     56.64782534  124.0335065   184.99351657  274.70719569 -131.7716915
   -263.46640802 -161.67939419]
  [ -13.53405002  -92.18153574 -142.71220697   19.92459913   65.11323218
     19.24475664  156.2909821    28.28157923   51.82888761  -36.89803903
     18.63760605  141.99723702  225.18778053   99.91171801  -29.83298392
   -248.19786097 -341.23192132]
  [-151.35916961 -284.06028508 -707.94294557 -967.54222749 -289.29941507
   -745.32392026 -996.0550587   155.22891582  418.48830405  587.75009194
    662.64895703  358.01732977   49.21686097 -222.89876131  406.43873328
    313.0148397   579.73067428]]]