[[[ -18.10294503 -132.19257941 -118.44901078 -197.25990538   91.02883647
     90.21808278  -18.64654661  -37.3120234   -12.6616308    35.27578627
     53.79483307  124.59995279  185.68282676  270.77604974 -131.14744945
   -261.25362253 -160.39628853]
  [ -13.36671494  -80.69228841 -133.85308255   33.64604236   53.95865902
      3.72281811  147.88897535   31.8105528    54.36567333  -35.31446088
     22.66506122  133.23981891  205.44061572   72.78476826  -15.19638959
   -224.35137956 -324.59139926]
  [-151.35162662 -281.34596181 -699.07122977 -950.11980908 -286.50109467
   -735.6564127  -978.8121983   149.61506301  412.13837466  578.44721275
    653.23988064  352.71230004   46.47859078 -219.10561486  399.71870385
    279.90546605  607.76988338]]]