[[[ -14.92497748 -129.70814053 -115.1416358  -191.25429674   95.87716623
     95.15788683  -14.05621155  -33.72522051   -8.27573505   42.19948431
     59.73395577  130.33515069  189.62311428  278.36768172 -128.40150839
   -264.51956018 -203.04837548]
  [ -14.36714076  -84.57421935 -138.15325536   26.35918102   55.83974638
      5.80418237  147.1903435    29.85960771   49.04384096  -41.29244824
     15.5511255   131.64783452  217.48152313   99.06292677  -21.7733103
   -216.547373   -321.99562452]
  [-145.17372999 -274.84339141 -697.26684406 -957.83632992 -279.81658865
   -734.0089032  -986.32326001  159.88326182  425.91026664  592.04749634
    669.78565603  365.89557691   54.78201157 -251.77115747  412.74328074
    287.21291037  545.84877537]]]