[[[  16.50318944 -105.34579078 -193.87501028  -83.83758105  122.08626795
     58.15450438  116.90642464   48.09118813   29.69734159  -29.77915471
     19.64540298  157.17436725  209.24254465   74.84496776  -98.48228874
   -183.54991017  -89.59239663]
  [  25.46274201  121.15975305   -7.32109132   83.10321361  -70.23426511
   -172.98357309  -27.4048585    56.68881159   27.29915564  -51.82602243
     -7.06062669  -65.14908801 -141.01533348 -178.97799883  134.24159608
    194.22596302   58.87111115]
  [ -87.0886663  -163.98546297 -593.48877736 -896.94301459 -188.32026078
   -621.96053308 -901.93177643  199.62269092  453.74812461  605.96551629
    701.34114596  424.43084217   86.75529296  -93.93478577  426.17986813
     89.93809093  -97.02697613]]]