[[[ -1.84435179e+01  -1.33139172e+02  -1.13648408e+02  -1.78602933e+02
     9.63651927e+01   9.96615511e+01  -8.03290445e+00  -3.75807223e+01
    -1.01457225e+01   4.51337963e+01   5.99729746e+01   1.30969397e+02
     1.92213509e+02   2.82155019e+02  -1.31884432e+02  -2.67703725e+02
    -2.04816184e+02]
  [ -5.48923795e+00  -8.15728237e+01  -1.54346586e+02   9.75244696e+00
     7.05941917e+01   4.59017703e-01   1.32746957e+02   3.79334841e+01
     4.54926349e+01  -4.63705468e+01   1.04792795e+01   1.35758890e+02
     2.26047569e+02   1.04262227e+02  -2.96141370e+01  -2.01269097e+02
    -3.11636013e+02]
  [ -1.51447474e+02  -2.89856898e+02  -6.82463669e+02  -9.65056096e+02
    -2.93969633e+02  -7.18275294e+02  -9.92319290e+02   1.66214924e+02
     4.51132394e+02   6.15317189e+02   6.99926020e+02   3.91332460e+02
     7.55985226e+01  -2.31900500e+02   4.34422326e+02   2.38310849e+02
     4.46249599e+02]]]