[[[ -1.86812785e+01  -1.29658684e+02  -1.07440513e+02  -1.67436073e+02
     9.81033944e+01   1.03895937e+02  -1.69911240e-01  -3.72922126e+01
    -7.63001178e+00   4.86428769e+01   6.30117003e+01   1.32340343e+02
     1.93467720e+02   2.82756421e+02  -1.28835410e+02  -2.98033598e+02
    -2.01977298e+02]
  [ -1.37020530e-01  -7.96521326e+01  -1.61351439e+02  -1.64532227e+00
     7.93779538e+01   1.04206241e+00   1.28846758e+02   4.02640747e+01
     3.92237859e+01  -5.23248587e+01   7.95119924e-01   1.33954968e+02
     2.32899235e+02   1.08391737e+02  -3.60158398e+01  -1.84392329e+02
    -2.99555915e+02]
  [ -1.43124886e+02  -2.76822454e+02  -6.63207735e+02  -9.54466082e+02
    -2.79987462e+02  -6.97709510e+02  -9.79575694e+02   1.71719578e+02
     4.54755051e+02   6.13996832e+02   7.00685418e+02   3.96392742e+02
     8.33902977e+01  -2.19506439e+02   4.36262360e+02   2.01421967e+02
     3.70776844e+02]]]