[[[ -26.59877196 -130.4934897  -104.54814701 -165.81216163   92.1892178
    103.11451445   -4.18103047  -45.4498684   -10.85275243   49.93679303
     60.6817533   126.11955245  187.27028649  277.32007939 -154.08977887
   -290.84087715 -155.87035864]
  [   9.65197736  -80.71745765 -169.33857264  -16.03057085  100.02128345
     16.20707317  131.60580499   42.95338866   32.4413622   -56.77114089
     -8.60643749  138.46741212  242.28673752  113.24785418  -53.82695526
   -197.49413101 -303.30055908]
  [-134.66164874 -263.49922244 -643.27749359 -946.32449479 -265.71969487
   -676.09728254 -968.88193802  177.94380403  457.92605134  613.28191154
    700.75399747  401.15702543   91.59070708 -206.45740343  437.16610937
    169.07678238  290.96566536]]]