[[[ -27.7820079  -129.36518539 -101.72844059 -162.07970163   91.02818954
    103.48040768   -5.05605279  -43.63035538   -8.08369304   60.59332373
     65.12303761  127.40511921  183.26034406  236.21598915 -125.29505448
   -287.64953819 -154.39117548]
  [  13.58106297  -79.91708601 -169.71281948  -19.36539811  107.07912628
     19.05890358  130.01265919   43.24512289   24.14740027  -62.45360606
    -16.14216921  133.55058276  234.72409332  106.86981291  -63.73555667
   -178.85266292 -276.93157468]
  [-122.08726718 -247.13451672 -625.86711692 -936.15524348 -249.06123721
   -658.1763031  -957.59536458  188.41272915  470.6338239   618.69380314
    712.50615944  413.7886848    75.06569564 -194.73331623  448.51517721
    143.4009928   185.07424774]]]