[[[ -25.90141541  -97.29775943 -109.54001105 -189.8671071    71.36971813
     79.86340321  -36.43245969  -35.95758217   13.92221708   76.7783178
     60.00064764  108.3563315   156.71559708  215.12603051 -120.24762001
   -249.25738149 -129.01117307]
  [  10.37930442  -96.19375639 -137.0066153    -7.94084262  116.95233642
     69.1332885   168.21967409   21.99340187  -14.4591732   -82.09696588
    -54.09621643  108.93177527  233.04936171  146.21254471 -112.89348445
   -180.18260789 -261.82636253]
  [ -64.45924404 -158.79790217 -590.79040149 -892.84038839 -158.78642057
   -618.81460583 -905.50338342  215.93179208  446.54649802  593.8762302
    699.85597573  420.05673738  124.20896229 -174.47681867  420.72341709
    103.08643015  -99.87265878]]]