[[[ -33.75701459 -100.47137103 -111.91814418 -205.29323069   59.24305191
     70.50162426  -47.7916147   -44.5781016     7.07759431   78.03419689
     53.20923459   96.34677603  143.46957496  201.91814261 -120.3173355
   -210.45743508  -88.60171275]
  [  11.88368938 -101.99420894 -138.46975741  -11.39352963  125.76163095
     77.59129936  159.52605603   20.9490648   -14.04525157  -75.43967433
    -48.0971136   115.55800126  230.05607081  142.8515024  -123.19951831
   -196.94208641 -263.08935359]
  [ -66.52747474 -165.09394814 -614.10218592 -901.732796   -164.27145047
   -587.0689771  -897.33474891  216.86178588  454.46509553  600.04948808
    703.07273676  427.56308645  113.31586496 -149.20415521  428.05829564
    113.0318714  -148.5177062 ]]]