[[[  20.36582272  -94.72465386 -183.82999509  -79.490213    109.14135709
     74.16271112  122.93091735   50.7818069    40.97914737  -33.90086382
      1.4168467   171.24010611  226.50025467   61.77408274 -117.45936088
   -175.35615508 -113.84434095]
  [  27.21076509  123.94816985   -4.439819     80.87995803  -69.52662275
   -175.29890839  -30.09567669   58.18860138   26.82448137  -53.20782775
     -9.59427183  -66.7895687  -140.50515622 -186.87997519  135.90410513
    200.31549551   58.19998145]
  [ -91.35192554 -172.7457719  -580.7422245  -893.31270028 -197.7469319
   -609.69319658 -898.32933914  199.29093482  457.39596716  609.52008742
    709.99779075  428.05917305   82.53560343 -103.59240724  429.30517731
     84.98144783 -106.50641457]]]