[[[ -25.08915101 -105.67408173  -80.77935873 -138.60165524   89.77203558
     74.82052792  -47.12502072  -44.93237355   -1.25662384   70.60076343
     45.90974287   92.57865121  144.49573925  205.17065205 -133.44044903
   -224.44113048  -60.03068428]
  [  11.21350097 -103.56447943 -156.99892358  -52.4387832   125.99159903
     67.27096333  152.21815445   30.54321468    1.3218247   -62.11041714
    -30.65033352  131.90096713  241.67797155  142.75127027 -110.56188788
   -188.02008612 -248.74791454]
  [ -92.47715475 -150.85580883 -552.73223456 -901.97976202 -151.23634403
   -571.72631534 -785.70787562  201.02292759  499.38213821  606.60340497
    760.32427238  472.19010058  148.87162513  -89.7482164   472.49313101
    146.45978878 -124.44736556]]]