[[[ -34.19790622 -112.51706935  -61.66067293 -186.19008537   61.91666217
     43.44782217  -83.91270453  -48.84907855  -14.67153031   72.97944395
     30.0617705    95.57480998  114.0060763   171.82046056 -107.1283341
   -188.7498409   -32.10015396]
  [   9.2612663  -113.48363796 -146.91105647  -40.1054201   132.00622
     87.82511927  161.48849105   16.78407028  -12.1942045   -64.10580674
    -39.71821607  124.32971723  238.76451854  151.99106128 -131.26787016
   -213.60806049 -259.53480932]
  [ -62.85609903 -154.95099077 -628.06481454 -907.20522477 -153.61064953
   -601.46125674 -901.84581734  213.67961249  455.69595059  592.01729404
    678.02314025  406.90210993  123.29010301  -94.33747211  428.62407982
     92.43108326 -134.41962253]]]