[[[ -15.82140519  -90.6592652   -24.08579204  -50.03385375   65.3022325
     46.0875307   -40.63294494  -48.3071679   -30.06186733   60.24793093
     15.95750534   91.32815177  151.68835362  176.57303915 -127.90342411
   -180.18529809   -3.37436762]
  [  15.18770801 -107.74851268 -162.72142811  -61.73945291  138.12399674
     85.65721092  138.00040571   33.34950184   12.06635044  -43.92418607
    -14.77457396  147.4004706   239.84032361  133.78033022 -110.1044495
   -203.33088048 -240.42683995]
  [-110.66900363 -119.41445208 -603.32568599 -785.31816915 -117.00731175
   -576.27171628 -781.90623644  184.95428081  546.63482538  602.80550055
    788.81352499  521.39974194  201.80625867    5.48722073  519.41078505
    166.46238298  -32.29696323]]]