[[[ -24.82226803  -96.86747603  -33.95465518  -61.24577009   51.79019409
     33.30516309  -51.36232279  -50.13221251  -34.02813692   67.11618954
     43.23352904   82.44590983  139.70995218  165.14762652 -127.54804056
   -143.97729099   33.35131781]
  [  19.24731198 -105.0264474  -153.4483526   -60.26002074  143.52113633
     98.95884245  145.93071209   30.05770474    4.77546772  -46.39377914
    -22.56800921  141.71696752  237.43244551  132.78054931 -119.10811852
   -213.25677104 -237.04536542]
  [ -92.43828795  -88.31099614 -598.55457226 -778.93588854  -85.91365664
   -571.55528195 -775.15283714  190.40680204  536.48300309  583.4493792
    772.96021044  512.37215476  197.25126117    2.04969393  484.70788761
    160.26081866  -34.88450025]]]