[[[ -45.97912288 -116.61894628   -9.61868558  -31.04522665   28.78127888
     20.31326043  -27.83666502  -69.76089378  -21.29553339   63.51120103
     28.28640816   63.64640291  121.96819959  189.2110967  -144.0674776
   -159.69120994   57.96709782]
  [  24.62807854 -110.00401471 -169.22604975  -89.9382098   159.26021578
    105.97583482  132.67065034   32.96476751    6.96690352  -40.97747915
    -19.92360811  154.00753147  258.98125938  154.42091107 -127.88733557
   -232.88594567 -256.06703271]
  [ -98.20531199  -96.49561462 -546.17332631 -789.28987823  -94.14686127
   -546.85844021 -789.2463515   188.71654366  535.54865811  584.60648675
    774.65281938  510.65569086  190.19568116   -6.27443199  482.96846326
    153.37265431  -43.6611094 ]]]