[[[ -53.35751483  -97.007724    -36.67925862 -172.95349343    9.40987065
    -12.88687997 -152.20298466  -66.19553941  -29.59877252   70.7187131
     18.16875512   81.30651361  102.56626657  171.96836957 -118.73003716
   -135.21792694   46.70082393]
  [  11.44121998 -127.05695838 -153.15663782  -73.47457549  149.93940998
    116.99571242  162.43260415   14.07365747  -10.54788966  -49.26842729
    -31.42206163  138.39596319  246.88580113  163.93807939 -148.02498977
   -249.55112527 -274.33019996]
  [ -68.10500621 -160.47968946 -607.28687006 -906.51966274 -158.95693741
   -607.16863089 -907.19213623  212.19364066  442.87424259  598.46772252
    707.39673088  416.97267547  113.24847398  -90.51887696  414.70977601
     77.32683644 -128.05677296]]]