[[[ -61.07825833 -101.14648518  -37.96046345 -158.97449715    4.02049773
    -12.56921415 -138.2843029   -68.67199549  -28.17630717   82.04166994
     50.8970341    79.54206047   94.99542797  163.43605094 -116.06006093
   -136.95246767   39.97392755]
  [  16.2615848  -123.07247895 -158.5051169   -75.93807706  155.59566097
    118.64867726  152.29408948   16.83420185  -13.98370397  -53.56684257
    -37.56573228  137.17160437  252.0162556   175.20048674 -151.58858217
   -241.5259863  -272.25804824]
  [ -67.82922901 -165.66658883 -568.0651936  -879.8805909  -163.99341437
   -567.45333268 -880.91692627  214.84244032  451.18416079  597.88674958
    709.77943593  425.58658794  125.34919413 -146.0413528   422.21285796
     60.9545776  -185.45573354]]]