[[[ -56.24598324  -91.30257626  -32.36137724 -159.07315778    7.25763234
    -50.24836157 -177.88135338  -61.80628572  -20.34141538   89.83198051
     59.87402372   85.05795634   97.06196034  130.73477431 -106.1033261
   -127.84085229   48.21156202]
  [  13.92459445 -125.78106155 -151.37440091  -78.32425109  153.63025516
    127.43723811  156.9086689    12.13134087  -15.9549274   -51.02354791
    -37.67899624  134.97169229  250.32950556  183.78579022 -154.2666611
   -245.20495719 -271.47742688]
  [ -63.04013373 -163.97578184 -573.29396155 -880.56454262 -161.6530657
   -572.80132706 -881.56420433  216.55335807  455.56466908  593.80752772
    690.50217562  430.69364118  130.98200565 -145.3286921   426.96706489
     65.06585185 -184.75866045]]]