[[[ -65.22832002 -107.41366462  -12.66444951 -156.98899375  -11.43763223
    -28.17461197 -166.60101591  -66.56800027   -5.86578987   88.19604131
     42.81787098   66.98538211   78.91220001  144.7926138   -89.38241898
   -108.83272231   30.26322283]
  [  15.88670482 -124.49452207 -153.27883759  -82.56181858  156.26792681
    121.42687689  150.75857614   13.06996247  -18.09413156  -52.07142146
    -39.70448845  133.51224539  251.64139132  187.64525926 -155.52930216
   -238.81585346 -264.16641837]
  [ -58.4023163  -151.18818898 -579.96315648 -880.64607759 -149.26776125
   -579.05230683 -881.30400832  217.43802797  452.84677701  588.57866747
    682.05532801  428.56318543  134.67780497 -129.50262103  423.65157402
     36.9736463  -172.01557263]]]