[[[ -3.99492443e+01  -9.59240623e+01   2.16686682e-01  -1.20765441e+02
     3.36343388e+01   9.69559728e+01  -2.96937066e+01  -7.03879219e+01
    -4.28960191e+01   5.30607755e+01   5.48446309e-01   3.19208999e+01
     7.68190856e+01   1.34855016e+02  -1.24956801e+02  -1.39062116e+02
     2.78885527e+01]
  [  1.67794659e+01  -1.23749763e+02  -1.64137252e+02  -7.27139386e+01
     1.57308694e+02   9.96574675e+01   1.34988091e+02   2.17644606e+01
    -8.08552647e+00  -4.86230238e+01  -3.18490135e+01   1.44202973e+02
     2.66498069e+02   1.87489573e+02  -1.45825513e+02  -2.37444858e+02
    -2.58876723e+02]
  [ -7.09651226e+01  -1.67462324e+02  -6.00361088e+02  -8.88458659e+02
    -1.41892843e+02  -5.71057265e+02  -8.80646724e+02   2.07122780e+02
     4.41131983e+02   5.95071904e+02   6.85892384e+02   4.39667944e+02
     1.35666966e+02  -1.12684974e+02   4.10140562e+02   3.98689382e+01
    -1.51900157e+02]]]