[[[ -47.49948859 -105.71094739   -6.81773728 -122.44263558   25.04079174
    119.37509827   -9.73677414  -76.69099093  -50.41823549   51.55714713
     -6.52733284   51.1859472    68.71881156  125.91845512 -132.32335382
   -143.68208535   55.24058841]
  [  19.07569604 -122.5601275  -166.98196986  -72.08939558  160.7115077
     96.97092231  130.18387652   24.23889962   -7.30610475  -49.39828054
    -32.30248615  147.02464499  270.75617214  183.72730753 -146.77362621
   -241.65596979 -255.35687774]
  [ -78.10271195 -166.82407531 -592.15826557 -885.4889876  -164.65796204
   -563.47648692 -877.18098671  203.33414766  440.83992078  594.69481235
    684.73521788  439.00647303  136.41974086 -109.43354741  409.63720073
     41.1617375  -146.33084519]]]