[[[ -33.96431231 -112.38149319  -48.80243493 -154.23552488   65.96541716
    128.98378835   -2.15883059  -68.97895806  -53.52657745   40.84440979
     -9.9074365    58.25247095  118.76474792  178.29712004 -147.89125322
   -193.59544906   15.84110004]
  [  14.02473387 -116.78947584 -171.44686258  -52.95020695  144.83897738
     67.61059678  126.87727433   32.71489609    5.39518719  -49.7095761
    -21.54399267  150.4161722   260.51161218  141.15722399 -123.82761712
   -226.80577391 -257.27255301]
  [-101.28917163 -194.17150365 -641.58879939 -934.04619917 -216.74035904
   -612.76338731 -925.67638372  195.79297906  448.23530074  614.31898164
    705.17380339  446.33848829  135.92702508  -17.06020063  417.82785344
     69.10207698  -88.94704544]]]