[[[ -48.74951908 -131.76831636  -63.53605215 -157.8178386    54.63810981
    118.52966023  -13.0811216   -75.26432252  -33.19454753   46.78254588
     12.08575271   54.13594624  149.38705354  208.37617168 -161.06192907
   -210.04607923    2.45423028]
  [  22.95785958 -106.79367709 -182.74432697  -51.58891034  152.70943996
     62.44134624  128.12838642   41.29271124    8.27233015  -52.71353197
    -20.97214279  153.18215915  253.11169809  115.20023791 -119.29121799
   -225.99297556 -264.8944532 ]
  [-116.53459559 -232.29729137 -625.50025643 -940.06818989 -231.38600436
   -624.20215134 -941.32817315  192.0684435   467.33494795  622.32924743
    727.24783472  440.68084676  126.65867529    7.13134727  413.28203461
     61.66444125  -66.48373112]]]