[[[ -44.48384217 -156.02895542  -91.98141025 -167.72635898   77.85307069
    136.81919669   10.73823309  -67.45396612  -49.16154286   37.44128637
     18.41507905  105.51386786  184.1938044   268.86160543 -186.72963116
   -244.068484    -63.68660033]
  [  27.23719554  -83.2767085  -185.04806714  -30.26409609  137.75116817
     26.54007945  125.75745605   53.44056626   23.4773194   -50.80532393
     -8.55610684  150.27126375  223.84259271   67.0588605   -83.88214452
   -198.75543814 -270.21913179]
  [-129.15256297 -257.79658544 -656.70982384 -959.34484416 -233.07917584
   -656.32536462 -961.67703217  180.71892064  447.71427517  614.3966776
    709.48831318  420.43577086  107.72774008   93.64817846  419.54805384
     74.82654578   22.70201006]]]