[[[ -27.97038664 -132.9604328  -106.37668608 -172.32173862   81.69957604
    127.36074638    9.28692972  -48.58646731  -22.83587424   37.3485078
     13.41108301  109.16067876  218.36740795  305.6000354  -166.52703138
   -264.88303836 -162.01646457]
  [  15.37703793  -79.03874233 -167.69892001   -4.96306405  109.7928408
     14.19133712  141.07352933   49.46392403   25.51616212  -54.88020565
     -6.5083829   135.30802617  200.80288957   57.64417443  -62.23002003
   -163.13870239 -268.83932268]
  [-127.36182794 -257.92101695 -668.37926596 -971.6874217  -233.76263932
   -696.75847677 -983.73961106  184.48260317  456.21523656  625.01387332
    721.77508834  428.4530837   111.44023947   63.5273562   429.12395785
     85.27889207   60.33789154]]]