[[[ -10.10559387 -138.11138816 -117.57290828 -150.48972928  120.23116178
    162.61935047   66.08214579  -31.02630287  -27.37430044   20.36761842
      5.00232704  143.33154707  226.83771743  303.7117552  -177.07334122
   -281.49719362 -220.10472723]
  [   7.80893902  -59.37754379 -158.74467319   11.7453088    74.99542273
    -38.69633903  108.94857792   56.41758562   38.91534435  -51.57203794
      4.25033021  121.38203858  168.72455108   26.09177705  -19.67724532
    -94.30463807 -219.1858804 ]
  [-126.77512013 -238.7120596  -681.58004988 -977.12299312 -238.98175982
   -710.2088971  -987.44246785  184.10035507  459.94325177  628.9082234
    728.88093668  433.14547446  139.86595321   62.22127876  406.69344624
     82.59892099   57.44017198]]]