[[[  12.96293226 -121.10692669 -169.3819776   -82.85128967  123.56679313
     97.25883062  129.40418812   36.9124938    18.22262564  -25.06511998
      9.78229043  152.13958945  236.76265378   75.17321169 -117.18098338
   -204.62156259 -100.61454452]
  [  30.44674926  101.6335969   -32.52453255   78.28393328  -40.74007679
   -157.6608608     3.48949521   63.69129091   28.30739369  -60.71205048
    -11.8334511   -37.87993789  -93.8976965  -158.44084443  110.85991388
    151.8145043     8.12159411]
  [ -87.19942822 -167.44973308 -575.48794232 -888.68821709 -193.04178455
   -630.79029496 -900.6997701   200.26141296  455.8928192   605.62799514
    705.52625016  426.71940253   84.4031062   -99.12934214  427.99755528
     86.53376649 -101.29223132]]]