[[[   -5.22327355  -120.91034198   -98.12926347  -154.78694641
     107.3877056    146.91032284    34.46005738   -30.07286521
     -15.29933621    31.43811371    -6.62823201   131.0156425
     247.34955634   339.17711703  -162.410694    -276.7528594
    -291.70961719]
  [  -14.32069247   -93.60408473  -166.86382466    -5.50871796
      64.96271158   -17.11068455   125.13113786    42.83461391
      43.14280815   -42.01905819    16.47079067   136.18991757
     197.03148696    77.89932667   -29.57852574  -122.35832443
    -241.95327126]
  [ -141.62527946  -256.22926206  -713.49323607 -1010.90848181
    -284.15900924  -745.55241742 -1022.73233289   183.60269591
     467.70098236   653.14577107   746.35044979   438.48101157
     141.47552712    54.55284157   442.10117109   176.06140207
      57.61941261]]]