[[[   -2.94762792  -137.53063402  -124.67338513  -172.70054908
     125.62429348   125.38572077    32.73379928   -21.88379856
       1.97176188    29.16582079     9.95127643   151.09785726
     238.22119787   321.88023094  -177.82908557  -259.02302068
    -275.07621318]
  [  -14.90943016   -80.16441412  -132.50321804    45.10194794
      50.34556461   -10.96560874   152.37628408    34.23393523
      26.48443603   -61.36630337    -4.80489082   108.52915472
     167.42598017    54.72207116   -32.01425268  -109.30175817
    -221.9204107 ]
  [ -133.391073    -262.06336786  -733.84708516 -1021.2962272
    -262.97009629  -764.93827989 -1034.38893799   189.6505866
     467.76877757   649.98334604   747.60421137   440.84776963
     206.67613342    52.40370188   414.9102585    172.31251541
      50.48852244]]]