[[[  6.38266817e+00  -1.22923407e+02  -1.57914207e+02  -8.43073114e+01
     1.43820532e+02   1.28085085e+02   1.41906991e+02   1.88495918e+01
    -5.07704734e+00  -1.88343241e+01  -1.12794976e+01   1.79083113e+02
     2.92687635e+02   2.75056402e+02  -1.51084676e+02  -2.66779451e+02
    -3.03674480e+02]
  [  6.02863768e-01   4.28982693e+01  -7.29286781e+01   8.25322402e+01
    -4.16925213e+01  -1.49248814e+02   2.86969162e+01   5.86511019e+01
     4.91795407e+01  -4.71358093e+01   1.45457549e+01   1.63763620e+01
    -3.30742072e+01  -1.63211236e+02   1.04445882e+02   1.21154845e+02
    -1.97462364e+01]
  [ -1.30025285e+02  -2.45889695e+02  -6.93005599e+02  -9.88448180e+02
    -2.45842114e+02  -7.21329202e+02  -9.95217091e+02   1.85684906e+02
     4.60840066e+02   6.39314177e+02   7.32416137e+02   4.33800998e+02
     1.38449716e+02   1.96719662e+01   4.32390591e+02   1.38019659e+02
     5.58466806e+01]]]