[[[  11.36115576 -117.01614199 -161.35591862  -55.55170248  136.70291848
    117.03396108  166.97160819   33.93409349   27.09676647  -31.78167488
    -13.47087129  175.2120452   282.94907197  222.34615084 -140.71257159
   -224.24198865 -304.54342195]
  [   3.95992111   82.70484294  -17.56975296  115.86623968  -74.78495204
   -157.61737039   14.5807324    47.07439412   28.17011828  -58.68046415
     -8.23012022  -42.76289372 -114.88926729 -223.51289037  123.52078106
    189.47049806   62.8670421 ]
  [-123.50329776 -240.87916933 -687.14495579 -987.58988699 -241.43914458
   -715.9899324  -994.8507566   191.35722245  459.05553449  635.13781077
    727.73681425  431.25055778  135.71909459  -24.6184364   432.16033556
    169.21152767   56.68244402]]]