[[[  13.51598592 -116.6097691  -164.63243712  -51.45112041  132.99097312
    110.56897043  166.5249439    39.20500104   25.87689494  -34.16882635
    -15.6116613   172.05649791  277.84027495  214.95244326 -109.43330241
   -221.18483706 -306.81404768]
  [   4.39306244   92.70054182   -9.15110399  112.86544505  -83.91435633
   -167.94034358   -1.84156756   47.46421084   29.8617756   -52.49944396
     -3.59210022  -51.25021904 -132.21070111 -241.89508569  134.37728115
    207.69757613   79.64133477]
  [-121.12286971 -233.02828566 -675.72242534 -979.05749763 -233.57174934
   -704.52313402 -985.66224987  190.13846963  462.61067715  630.70403019
    730.47423384  434.8770911   112.52102526  -17.53123078  410.69343382
    145.25418028   64.0246611 ]]]