[[[  10.24239388 -112.82539547 -155.94935461  -67.54959064  103.6867373
    110.94982551  144.89973409   31.90245071   25.1748292   -32.40393874
    -12.20014995  159.25203068  216.65982236   87.00348371 -138.08280096
   -195.05415447  -88.61487333]
  [  21.26757745   91.51368771  -19.47656567  100.22341184  -48.97850922
   -143.5622622    18.60504237   55.16669253   22.64604256  -64.08542544
    -15.21953723  -43.23342271  -95.98494699 -158.00145503  104.49599854
    145.43884976    8.3881571 ]
  [ -82.92729503 -163.98788643 -608.63738683 -907.15328095 -189.07248305
   -637.16693082 -910.19492592  204.912614    464.88607453  610.8967393
    716.52342629  436.44493152   92.54273445  -94.23265738  413.13633609
     92.01870548  -97.17402126]]]