[[[  26.93813534  -98.09658428 -144.20722847 -110.20840986  168.73439711
    112.29532421  139.61171187   50.41398041   26.6628458    -3.03930856
     18.89314479  208.57704813  312.33505152  173.25430026 -116.6405102
   -236.80697006 -314.79240902]
  [  14.28366579   81.52099804  -62.58854377   73.897358    -52.95359193
   -173.90215659  -34.16040041   67.55878284   56.90225716  -35.92305274
     23.68041683   -6.01051325 -104.33402361 -219.71930286  138.36535027
    172.11899824   15.94825661]
  [-146.33962595 -209.13540267 -637.80211389 -862.71697957 -209.66264504
   -677.35227887 -998.64676559  169.27116501  498.77045147  624.35638085
    771.0039171   471.35665271  153.69897382  104.84485406  446.29571233
    181.16604864  107.32059253]]]