[[[   9.70073061 -114.91783084 -147.67511838  -65.10760086  143.42028044
     90.58586988  133.72345664   29.03822269    4.28840013  -15.87034957
     -1.4644399   180.3542158   284.18258178  224.0248018  -134.11243899
   -246.02318544 -282.66313631]
  [   9.87681868   68.2768747   -49.75906148   98.95100531  -48.52322164
   -158.89305586   15.77009772   60.86740412   50.97133977  -38.26201893
     23.06428956    2.6286513   -79.73045855 -211.58143797  120.64567776
    136.96979122  -18.06699465]
  [-129.49308192 -223.59817588 -679.58635299 -962.71127027 -248.43252932
   -707.43323195 -967.91397534  170.45147401  429.10572509  606.3365312
    690.43472     426.99551507   68.81814232  143.9326577   401.868398
     90.28717217  110.87475286]]]