[[[  -3.2458048  -131.9665765  -156.06617876 -102.21502074  135.97894549
     88.39533387   94.09319196    8.70726822   -7.74835475   -3.97906437
     -9.53755293  173.01961308  317.89417032  264.59213075 -152.81513139
   -269.20279245 -252.54360673]
  [ -10.97130091   13.01374037 -124.60151394   34.86658608  -34.95632662
   -162.52051756    9.5975475    75.79992161  102.01989439   10.5525727
     89.14007237   86.84531209   -3.03076226 -162.46329455  128.07461525
     57.75211448 -108.70260501]
  [-172.76483797 -279.54714861 -707.38471047 -972.91806713 -305.18499811
   -736.13733532 -981.98611359  135.7241584   417.13426576  605.3474011
    685.46020214  391.39956943   91.25204321  255.30277742  390.25520488
     86.36351341  254.85032574]]]