[[[ -25.44034484 -154.9671423  -170.601516   -188.69739075  103.45473738
     67.82547591   12.24032213  -33.24342965   -9.47097908   12.71953925
     -3.61104004  133.76475417  284.78855173  321.88388005 -179.91993102
   -246.86262587 -146.28416483]
  [   6.77406462  -33.57444045 -118.37479032   70.00631609   47.12260707
    -26.14915604  149.30562845   59.18353545   60.83047471  -23.62173514
     43.80758902  116.44936004   81.61517591  -98.7907969    16.9313651
   -127.76483155 -258.07312451]
  [-153.64584449 -272.83435715 -706.28415539 -966.52077364 -274.93556822
   -737.03021587 -983.23586553  144.87180139  405.33019465  584.94892261
    667.01974365  378.37993225   81.25592988  246.93118189  382.28458393
     86.37726045  282.16498352]]]