[[[ -40.21790414 -163.41124202 -175.24700974 -222.22455165   90.69007723
     61.14741654  -29.04062299  -50.61235441  -17.81356067   19.76307609
     -9.56620014  122.17442506  275.56343442  358.61826826 -186.68035242
   -247.24833288 -108.22692351]
  [  16.56328433  -51.94720036 -128.95233341   51.80276179   85.07380152
     18.24407155  178.89046461   52.78075411   40.19003205  -42.2123353
     15.97145266  125.4637819   132.91883442  -44.77528712  -30.7497632
   -190.9995592  -305.23321995]
  [-149.65647615 -262.65742074 -695.15962353 -976.85722824 -289.10488049
   -726.48939351 -993.2103749   155.7790567   417.53967504  594.75129823
    679.92935906  390.06298911   88.59602477  186.39869382  394.15977237
     96.63172451  257.03179502]]]