[[[ -58.94086743 -169.94866937 -181.75251563 -263.40256584   68.98833819
     45.98900956  -74.02921312  -66.89707081  -24.15762394   39.80256693
    -11.24835267  106.47727845  216.48666066  346.78674327 -161.33605921
   -205.72849365  -30.55631546]
  [  22.83541118  -78.49975796 -132.9329739    31.23157061  124.17060611
     72.19379745  198.24985201   35.18017152    2.77462029  -71.17409547
    -30.65355888  121.60478321  191.68707746   46.42313439 -100.02746499
   -243.93286111 -327.11935833]
  [-113.4132093  -231.86352816 -668.27362361 -966.49140941 -232.16462368
   -669.81463113 -972.97035502  189.2917578   442.45125679  608.54044788
    702.84865631  414.93654498  101.26940034   19.3823554   416.65575413
    105.93620473   90.80986843]]]