[[[ -69.91562457 -172.505167   -180.04986304 -267.92329312   38.32343449
     49.54020374  -81.50858914  -72.71138232  -21.53819586   43.78682774
     -7.53927481  109.72413054  221.68171072  352.51719526 -159.78049163
   -203.73582059  -26.63786162]
  [  28.43348843  -75.72378776 -137.5881733    26.90798452  132.59078496
     72.51978708  195.68376128   38.97344042    3.15527509  -71.3818446
    -30.56871782  124.41205251  189.55456681   39.17363864 -102.08911569
   -249.615549   -330.50944935]
  [-121.30407432 -233.44659447 -668.68028059 -971.96374837 -259.23328738
   -671.03491269 -977.56961482  187.99685421  447.54995992  613.44868966
    710.10982904  419.33956803  103.75983764   23.31440035  421.97051586
    109.6973576    94.4543493 ]]]