[[[ -64.78229407 -168.08947957 -176.73160967 -265.7009152    42.61840772
     51.71358212  -85.14089913  -67.49483009  -17.61176187   47.59406415
     -3.54652258  113.48979451  225.36629379  357.46917898 -156.32713444
   -204.35171497  -63.99903382]
  [  22.15338069  -82.81921187 -138.1585916    22.53622028  127.12598274
     74.27311747  202.18508142   35.27106774    3.37039234  -69.65617985
    -28.55588329  125.39950498  195.79573007   56.7006014  -102.13654374
   -250.20756038 -335.19522758]
  [-119.34901782 -228.63890604 -667.72438507 -977.94764137 -255.31761201
   -698.71975942 -992.24654637  189.79349225  452.76420128  615.61973915
    715.8843916   400.01613413  109.44732559   29.30350264  427.86114691
    117.75241662  100.9519258 ]]]