[[[ -54.33651053 -170.25513351 -181.04521274 -248.02486581   76.92984521
     52.16468825  -66.4621197   -61.74064621  -20.86479973   39.86487834
     -8.63297817  114.11598588  225.6973043   356.29794735 -162.29692046
   -211.27580921  -70.834917  ]
  [  19.72235825  -74.88592725 -137.01409558   25.99575907  114.33065
     56.73349186  191.46202482   40.09468124   10.65503249  -66.81916525
    -21.51933052  123.81992935  188.06680828   42.9121262   -86.1915347
   -227.31730533 -320.45121246]
  [-123.46972653 -235.64828559 -646.93007924 -968.35348186 -262.76868411
   -706.63785396 -992.34288464  187.32292999  451.6587779   620.97494951
    717.10518915  423.03758276  104.80489794   22.58837275  426.19361297
    111.81964639   95.11729893]]]