[[[ -46.69411889 -162.99738278 -174.13557015 -238.51251278   85.75468278
     60.19657422  -41.65039364  -55.09787337  -14.17324106   39.91596095
     -1.96494778  121.96583779  231.28632669  319.78521431 -156.60232574
   -240.17587947  -68.93928867]
  [  23.62831346  -63.12926041 -129.56924479   43.25890358  110.38592974
     46.95875371  184.75717499   41.85635788    8.20549299  -72.47244618
    -27.17573431  113.55467611  171.13707312   17.94571345  -78.39545926
   -198.56797641 -290.68491388]
  [-113.05859043 -231.35836029 -670.46213566 -966.89252963 -231.83038978
   -672.20956667 -973.93735105  191.50971129  449.03257485  614.75069144
    711.47409921  420.89068823  104.11237848   21.22855302  423.14483683
    107.62282904   57.62040192]]]