[[[ -48.86034882 -148.76966684 -156.75761872 -236.97596003   57.82455858
     64.76879527  -50.87020939  -51.04265525   -1.83702057   56.60921149
     12.4838152   126.25120663  223.3886441   277.62797031 -137.5608115
   -222.00558837  -95.41428392]
  [  25.79829184  -69.36013539 -124.91257197   35.83566936  120.9567398
     65.93511653  194.33615351   33.1820818    -9.80609815  -86.38417111
    -48.73472392  102.8492796   180.99904969   56.36203096 -101.20702544
   -199.81442754 -278.08597848]
  [ -87.71115591 -196.30505725 -649.91194244 -946.4261904  -196.74026575
   -651.01462657 -951.84308536  208.07423196  454.26172827  609.22530836
    705.30052009  426.68257903  117.68432884  -67.291612    428.32229051
    120.34992189  -33.03163272]]]