[[[  -2.65989087 -126.07950032 -163.8257873   -66.54557498  104.63991172
     49.86898648  110.30671901   21.50007443    7.3098435   -38.58335933
     -1.40401788  140.2312734   237.93977836  217.10261842 -120.2234697
   -197.81692632 -147.74271035]
  [   7.80868288   88.69617289   -3.06039441  114.52598336  -73.0788126
   -150.14115125  -13.97805571   39.35940715   10.66292847  -67.73424131
    -25.32891588  -57.66249185  -83.85266962 -163.751811    102.94335064
    183.29289137   84.95542854]
  [ -57.56399771 -129.11606576 -614.04546004 -889.16668824 -130.40825508
   -615.13129723 -888.30503066  211.29197981  443.32927468  590.26970677
    683.49822742  415.64975362   84.49561989 -138.12017159  417.30010628
     88.44751549 -100.61531432]]]