[[[   8.7681477  -107.13321924 -188.56295022  -87.13597415   98.00383901
     63.78448341   99.59216065   40.35111429   28.62747288  -40.84350526
    -10.97117576  161.95680783  226.15661262  165.77961443  -99.64834535
   -178.63760558 -159.35553404]
  [  19.75006382  118.11879796   -4.84637718   72.38370449  -78.61866102
   -180.09792215  -45.91467602   52.57106387   18.46164604  -59.40276318
    -19.26013876  -73.3148926  -121.36465451 -191.10833519  131.30902565
    227.94268628  127.00226257]
  [ -89.04584176 -173.9192843  -573.76608013 -881.73346081 -198.51680948
   -576.52506245 -879.42776268  204.05790563  449.20094344  615.38996797
    721.78300925  441.64714931   74.03341078 -188.33376776  445.75518823
    133.98928255 -151.12868859]]]