[[[  16.93808172 -109.93573079 -194.12080077 -100.95915795  119.54663035
     89.67012456  122.89915924   45.78969434   48.15101816  -20.86074548
     12.81071574  180.49347792  237.77589895  111.96522325 -102.91496508
   -190.61570031 -202.82589202]
  [  29.88189697  115.68878517  -15.43888095   76.4047051   -55.92502332
   -166.54588837  -20.34280834   58.61312103   20.76732725  -64.03247501
    -24.08535745  -59.26786744 -124.19739813 -202.86481191  120.81909125
    207.33298506   84.85359116]
  [ -76.24701118 -145.19250209 -560.25419952 -869.98151962 -169.57661687
   -588.95453122 -876.25998261  204.14312814  453.38544369  595.91257696
    694.11047545  400.91485059   67.8698119  -120.98657717  427.85144735
    122.64157238 -180.85513201]]]