[[[  32.33221346  -91.86984448 -213.70449764  -99.3438246   145.19952591
    112.54380452  147.68673581   59.98959679   42.10505115  -18.61297859
     31.24587336  178.87631267  264.41787533   98.19894839  -86.33431339
   -216.49146172 -264.18727415]
  [  34.93546105  127.81458933  -19.69816459   74.97690151  -57.94366197
   -184.07318999  -23.70292891   68.0112458    34.60722617  -51.22101248
     -7.64424761  -55.05781086 -155.05097004 -239.48974226  142.26344901
    211.28878289   64.90474145]
  [-109.43892616 -196.95502219 -594.49006391 -911.56956482 -220.75259089
   -622.878477   -918.54296413  190.03041988  451.15784107  608.9569502
    701.0078913   421.45029107   87.21932732  -61.83156728  424.32261903
    118.61219412  -59.58240928]]]