[[[  4.03147903e+01  -7.92522253e+01  -2.06076782e+02  -8.06303853e+01
     1.57891964e+02   9.07227479e+01   1.44798380e+02   6.80971032e+01
     5.38549970e+01  -2.00132681e+01   1.37922213e+01   1.92484138e+02
     2.81801837e+02   1.11146376e+02  -7.50227522e+01  -2.44262736e+02
    -2.97079787e+02]
  [  3.55842667e+01   1.40614737e+02   7.48271129e-01   9.55529555e+01
    -6.94462049e+01  -1.98100336e+02  -3.89961134e+01   6.65202465e+01
     3.78162483e+01  -4.56108887e+01  -2.62427184e+00  -6.30045251e+01
    -1.96267416e+02  -2.78888482e+02   1.56849351e+02   2.31324988e+02
     8.09091868e+01]
  [ -1.26773390e+02  -2.20655453e+02  -6.26074554e+02  -9.43523961e+02
    -2.44916295e+02  -6.54408248e+02  -9.50445997e+02   1.80432532e+02
     4.40855503e+02   6.08341255e+02   6.95603951e+02   4.12407482e+02
     1.08209970e+02   2.93201192e+01   4.14153872e+02   1.35984863e+02
    -7.35589164e+00]]]