[[[   17.2374589   -117.06991862  -207.16483746   -88.44537261
     136.30615798   106.58195313   145.13423912    56.63915361
      68.54511996     2.33836241    31.02469947   215.22898212
     309.91713334   128.31481579   -71.10770007  -295.0870161
    -305.48938958]
  [   13.27151885   103.26140152   -34.93133892    80.92333771
     -76.71832781  -199.93702745   -28.96250011    73.25975464
      73.39628266   -12.94376607    44.31371823   -15.49480352
    -174.87236663  -268.88385019   174.35278294   196.23354855
      18.62867594]
  [ -170.60411748  -295.81092306  -696.56688619  -996.04437018  -296.964143
    -726.25794177 -1004.43822859   151.50611652   430.47199285
     619.34690371   699.73162807   402.16615066   122.51775009
     149.99821943   404.63189208   158.15331662   197.04019757]]]