[[[  34.41605843  -83.71795679 -199.82541056  -93.09041077  145.68570495
    123.7216015   100.26410865   36.83972217   40.41825085    9.42333506
     11.58879167  171.22938942  296.44192662  129.44787925  -85.2824037
   -290.67117534 -259.0365979 ]
  [ 134.82692138  160.06664806 -281.50031187  -69.10867821  109.58716954
   -338.31462361  -96.33668641  152.68934237  117.99178849   18.62695042
     79.5497495    98.75763757  -61.73832267 -160.9011821   156.28446165
     65.48464272  -94.19518135]
  [-218.90813867 -302.52947516 -647.88375982 -729.62115113 -302.42234926
   -676.80807314 -746.69658841   78.91514136  319.24258173  483.85149222
    553.40317283  294.83215686  145.13558816  278.7873628   295.74363967
    173.673948    312.9268719 ]]]