[[[ -19.59901025 -137.39356508 -116.41277888 -150.30541599  108.05567098
    151.13122089   55.71896918  -28.95829204    4.84043501   37.98124105
     14.60660864  139.94632549  195.06906603   85.53586467 -134.55249487
   -221.87588868  -88.95046416]
  [  31.08354764  -30.65446929 -134.43353696   26.29600291   92.82156006
    -22.9627596   115.9704243    57.25132908   13.77055368  -75.92738102
    -29.20810583   88.71180262  127.260412     -7.23793937  -41.45454407
    -83.55783459 -150.00556318]
  [ -78.22743207 -161.57564012 -604.4259931  -894.61734166 -186.08477835
   -632.30755306 -906.6423272   206.35825131  461.08099863  599.75418111
    686.28814235  432.42154559   89.51623627  -97.13805538  433.94715482
     93.05820384  -93.84901891]]]