[[[   -1.14213312  -126.11944996  -202.35710995   -93.31481297
     136.30003265   122.11125482   156.80226837    34.58813768
      70.27802274    16.55990599    36.35228661   222.66421911
     338.49911285   228.1799824   -107.12112271  -360.04622466
    -358.74100395]
  [  -29.07856522    30.55664785   -62.94567091    97.09405289
     -88.71374626  -168.24688052    25.55313817    62.34538805
     114.03307403    28.82398763   100.97723638    52.42372592
    -159.59157392  -271.0841864    178.96666625   119.1836537
     -51.13154276]
  [ -224.82424381  -361.48378299  -810.86720743 -1052.03984461
    -387.41321106  -841.36101531 -1061.8000608    102.59802829
     365.9464874    592.63457724   642.59379346   368.5594127
     236.73017539   404.95073694   343.28553118   240.3607545
     443.18128353]]]