[[[    2.10269453  -116.61470061  -182.2559763   -115.43288946
     137.40154159   168.52224244   156.48217045    13.32812374
      35.57235217    10.26677436     5.12009194   178.32558718
     372.27175947   237.49250004  -142.25632197  -356.1499014
    -337.42917456]
  [  -50.23728951   -33.85046759   -79.65953774   108.78815028
     -66.62409833   -96.5564801    109.54062176    49.67659588
     123.81866045    42.83735829   114.95663464   104.62369397
     -97.23829624  -227.89008835   142.26381624     2.29839948
    -150.93034409]
  [ -230.11405173  -379.9845717   -823.83555026 -1016.24741012
    -379.61952477  -852.7720483  -1026.12867601    73.58031624
     317.72922895   531.25353125   557.00626235   298.836383     252.01137007
     559.99659479   299.02911898   278.37592026   527.20967561]]]