[[[   -1.10870736  -123.05741157  -226.28730234  -142.17936541
     141.53820962   170.82431999   144.48761691    10.48411115
      35.68613184    11.95024755     5.76356011   184.25914059
     421.98366777   330.3800339   -148.3416187   -402.20500178
    -390.54372945]
  [  -39.36769638   -21.29888705  -112.45080885    69.84177503
     -57.4365068   -134.39644405    50.9909929     64.14198997
     133.69221455    45.63702958   116.4881328    118.3724392
     -71.92579172  -219.22396099   154.6083153     30.1397738
    -129.29357946]
  [ -240.12608816  -391.31396538  -830.2546965  -1023.35037699
    -390.14998701  -801.42910125 -1017.44341646    72.39207939
     318.20772127   538.34980822   562.1315506    298.48879517
     244.5898378    557.14469613   324.52119882   274.94202685
     488.09368584]]]