[[[  45.73380461  -88.16031428 -220.19070618 -139.77531508  168.85462216
     84.20780705  -14.63011357   39.39176276   14.8679733   -19.73835164
    -22.64989288  160.54151803  285.90099873  268.56258371 -126.9901466
   -188.44199599 -252.29464001]
  [ 129.44678831  160.80725172 -296.25534051 -237.62136002   98.08632219
   -372.2167131  -319.06777842  166.61157742  107.48934806   -3.54205236
     50.32113128   77.76917659   68.85893442  -52.7716108   157.85491688
    199.36591072   65.46134393]
  [-160.9637691  -232.60287176 -543.67799114 -603.39716031 -226.02236491
   -188.68230353 -467.4917154   110.71894881  384.4016212   488.22498258
    607.6251735   339.00338962   23.00850822 -199.81874386  334.02822488
     36.9583215  -200.71071157]]]