[[[  27.75236872 -110.42504646 -124.63400747  -35.21137477  132.19158581
    143.39026461  179.91807935   42.44669461   20.09693821  -38.30213751
    -19.5822318   157.47538742  211.23965149   39.60746206 -113.03037294
   -200.73992308 -135.58970792]
  [  30.17901974  105.38854532    6.63282731  126.15526428  -45.0304755
   -133.95580602   30.06807752   52.36466976   10.59407233  -73.71257795
    -30.71088111  -63.41184353 -131.08693274 -188.82214542  101.54934978
    151.55126001    5.60249831]
  [ -79.2845359  -164.99018762 -609.73777889 -905.64400429 -189.30216366
   -610.76079706 -899.67254041  206.25740117  460.73253347  601.10895586
    687.66522214  432.77077692   88.98886377  -97.10242132  432.82824042
     90.58650489  -99.23380344]]]