[[[  25.83115188 -110.11286056 -230.64277437 -121.4092107   161.74466794
    170.9457645   144.64662702   35.58118886    4.89818294  -36.00256935
    -36.84463737  159.69781483  330.40611585  239.19357936 -144.08431593
   -252.20600553 -292.99553167]
  [  45.73273828  106.21778109  -85.54601514   28.82644267  -14.75230371
   -195.16675337  -38.19540959   83.90528101   41.19877341  -61.51349324
    -15.60636271  -10.29657556  -63.9624508  -183.21979044  120.79990003
    185.89890482   46.74890692]
  [-120.47051004 -217.13194878 -604.8558856  -910.02822573 -240.61052415
   -569.84899372 -895.51911558  188.60106769  450.38570116  608.54764535
    715.90512051  424.01522039  126.45269268  -71.66129508  420.95159776
    117.9806789  -108.88858434]]]