[[[  22.42369322 -115.56360994 -237.61405569 -125.1916652   171.51306969
    184.64510473  144.91196374   36.34174913   11.06000613  -19.68479155
      2.57244209  173.41683049  316.83207441  255.06885889 -147.20621853
   -267.45821591 -347.2662864 ]
  [  33.95980397   84.38714697 -124.08403388   -5.20266138  -16.46753415
   -212.73491317  -50.63497538   95.46326557   74.60505908  -32.43035242
     27.09261539   27.16331743  -57.84054849 -188.06247592  141.933763
    173.67178249   20.10692111]
  [-161.16565973 -278.33450899 -644.8553171  -953.46194269 -302.3139491
   -613.40990395 -940.38057774  171.5843463   461.43011588  639.83606433
    749.17925732  434.56749292  162.96487039    2.48631248  430.53378821
    125.15240848  -39.71908831]]]