[[[  1.48039260e+01  -1.21548405e+02  -1.94734690e+02  -1.07098214e+02
     1.65251268e+02   1.88468578e+02   1.62347436e+02   2.57353861e+01
     4.07655229e+01   1.13261411e-01   5.82297790e+00   2.03829475e+02
     4.00821398e+02   3.00280081e+02  -1.51424903e+02  -4.03193161e+02
    -4.34338141e+02]
  [ -1.41761959e+01   1.46906507e+01  -1.32739576e+02   2.71448901e+01
    -4.30430277e+01  -1.88237574e+02  -1.14459464e+01   8.55156441e+01
     1.32517740e+02   3.46864517e+01   1.10866084e+02   1.01206685e+02
    -7.79211436e+01  -2.26829157e+02   1.72048776e+02   9.47250046e+01
    -8.79929678e+01]
  [ -2.30806969e+02  -3.78693609e+02  -7.93249564e+02  -1.04337626e+03
    -3.75649743e+02  -7.61137748e+02  -1.03251094e+03   1.03996518e+02
     3.90350197e+02   6.01783425e+02   6.73458860e+02   3.68508490e+02
     2.29283018e+02   3.94302386e+02   3.32914793e+02   1.93110957e+02
     3.54611464e+02]]]