[[[    1.32212039  -124.48127291  -189.98221116  -119.13023193
     141.25513562   170.05435684   153.11825537    11.65637787
      28.35724082     3.19029661    -2.65577574   180.62235199
     415.83033016   363.78099444  -152.28483636  -402.98456505
    -427.51174868]
  [  -58.77719949   -41.16714924  -100.52915412    81.58677441
     -76.38723877  -128.32442967    63.20174816    51.39444206
     133.5407922     48.92039813   123.14697062   116.19205661
     -74.0841549   -217.62293048   155.94911605    38.91731607
    -119.10041878]
  [ -244.41194247  -401.37168426  -842.23504966 -1042.1415284
    -399.92167524  -841.03454833 -1041.73683068    72.39318333
     330.35667114   550.27784879   573.40982869   312.9144511
     296.87388208   572.50758341   309.55982246   259.74674557
     498.06427478]]]