[[[ -1.35291332e+00  -1.29391851e+02  -1.93256739e+02  -1.44792666e+02
     1.29149251e+02   1.58816969e+02   1.26092491e+02  -5.96378124e-01
     1.49545737e+01   1.58441050e+00  -1.36253168e+01   1.63396345e+02
     4.45360427e+02   4.81929488e+02  -1.62841410e+02  -4.16976583e+02
    -4.77515152e+02]
  [ -9.25618061e+01  -9.18906810e+01  -1.07206450e+02   7.77764380e+01
    -9.32329163e+01  -9.92903449e+01   8.62488811e+01   3.11875828e+01
     1.39839109e+02   6.27409413e+01   1.36571866e+02   1.43864664e+02
    -1.07360635e+01  -1.54298254e+02   1.41066174e+02  -1.49244985e+01
    -1.55154642e+02]
  [ -2.59925109e+02  -4.24050520e+02  -8.62359371e+02  -1.03564616e+03
    -4.23962238e+02  -8.62660383e+02  -1.03790853e+03   5.14330543e+01
     2.97270538e+02   5.26793797e+02   5.36485342e+02   2.81186058e+02
     3.35576193e+02   6.20672406e+02   2.80855833e+02   3.31154388e+02
     5.78166244e+02]]]