[[[  4.24670888e+01  -9.41955561e+01  -2.02340392e+02  -1.13397104e+02
     1.89889927e+02   2.08298198e+02   1.65127948e+02   5.36630235e+01
     6.34695635e+01   2.39453110e+01  -2.79238528e-01   2.24969138e+02
     4.82892397e+02   3.56391387e+02  -1.54264366e+02  -3.30289349e+02
    -3.88150321e+02]
  [  2.14106170e+01   5.14694737e+01  -1.67695786e+02  -5.15916782e+01
    -8.64824054e+00  -2.16525451e+02  -7.37934454e+01   1.04270784e+02
     1.21434997e+02   1.62686031e+01   8.33618563e+01   9.83593038e+01
    -4.34624364e+01  -2.06276545e+02   1.62574705e+02   1.18493346e+02
    -5.91293864e+01]
  [ -2.06266208e+02  -3.02517323e+02  -6.50637404e+02  -9.90534099e+02
    -3.26257182e+02  -6.49202734e+02  -9.87788343e+02   1.13866966e+02
     4.04769898e+02   5.73770245e+02   6.49556814e+02   3.82924830e+02
     1.91666704e+02   3.81672326e+02   3.52781038e+02   1.70174789e+02
     2.14104927e+02]]]