[[[  35.79884078 -104.31205459 -241.66834645 -153.61648176  170.26967644
     96.88033164  -14.48700127   29.58877318   11.69619035  -15.183276
    -28.28654794  197.97589611  311.37378997  321.98646459 -141.43372538
   -254.11849606 -243.48284705]
  [ 117.95369054  144.26508975 -338.95903053 -263.64634128   91.6422889
   -407.60223383 -353.49058687  178.41910946  143.78866448   32.10343587
     95.23226175  119.40586181   90.59271684  -33.61085693  184.61874828
    164.06303882   37.19309502]
  [-209.48908059 -297.03628985 -632.72683796 -649.53009401 -290.41758916
   -210.67073338 -485.99720855   82.74274106  351.88859144  496.24272305
    593.40007405  328.93900794   60.94847378 -168.09241634  325.26697726
     94.24221559   16.60804911]]]