[[[ -12.12745097 -128.28722545 -315.16748534 -248.11020501  115.18149819
    -40.11862635 -197.19696121   19.38084597   14.12445169  -34.48618342
    -48.4057708   152.72742381  272.37404282  228.97124953 -149.74739607
   -207.66840794 -249.26986539]
  [  90.96527311  146.72125429 -265.62369842 -430.8240722    35.20931966
   -374.95189817 -458.62072242  185.02402447  169.29271049   74.43055698
    130.95180295  112.97297089   90.15819789  -26.41153687  228.90505955
    279.51177678  164.25752242]
  [-201.27516445 -263.04655872  -18.70682159 -290.71675603 -261.40346063
     -9.01914043 -285.14201834   26.92326866  285.7518672   370.612233
    476.71550195  243.78168495  -21.37101416 -240.68124562  241.41296265
    -28.7792646  -272.64541453]]]