[[[  13.60249405 -131.31409409 -109.79452171  -47.02826784  117.66211182
    131.58071004  187.43753858   25.50953116    0.96903975  -53.25092297
    -38.3237247   141.76551889  195.72950346   20.94602477 -135.54416727
   -224.86880214 -156.24513738]
  [  34.91763863  100.18107334   -4.90154761   98.42608588  -30.34580639
   -136.45539854   48.33756717   60.57200614   22.49752816  -63.65435752
    -16.33650713  -44.65786978 -115.69729365 -183.65900225  104.67358591
    146.19924724   -5.49070642]
  [ -92.68545354 -145.23211239 -566.5218664  -914.34417456 -145.61081318
   -558.2345957  -794.71506981  195.55130935  492.48134864  598.43726945
    747.43705586  465.71113513  119.50769544  -37.17643457  463.54028586
    116.60629039  -74.24740973]]]