[[[  12.85266167 -132.13102378 -253.56626223 -152.19750559  138.91284883
    146.62886691   97.34434879   24.51924269   15.48443892  -24.82371557
    -21.81800119  169.08865303  307.16197271  255.85162219 -163.44586619
   -230.86071599 -231.30653321]
  [  51.18806992   98.12063643 -126.06885114  -31.02146302    4.25546291
   -210.66063954  -88.94343252   93.55475138   47.86283811  -57.03611294
    -12.81812236   12.31801669   -9.46503074 -123.72491656  110.43192997
    184.95669466   63.57842246]
  [-100.26565542 -193.8311258  -539.20745435 -833.21254281 -192.41499968
   -475.81085429 -811.03022724  189.15779047  458.35605366  582.91183753
    669.63349089  431.72729945  106.91741534 -129.27723796  399.58022146
     92.88827795 -247.21253864]]]