[[[ -22.84977697 -157.01135571 -217.47174838 -107.96196864  102.84163138
    128.08302052   41.47129932   -9.03648567   -8.53799152  -10.90670921
    -35.88525873  137.41499754  254.55555981  214.17707551 -154.64115562
   -246.46966974 -234.5268533 ]
  [ 149.08996494  163.10109413 -313.99658527 -301.83064709  135.07883127
   -332.46418299 -271.89861469  176.78605008  104.94519571  -12.55066738
     40.70726361  106.57884156  107.50624177  -22.19019112  121.56456987
    143.85204887   15.97933671]
  [-154.15518228 -217.88200481 -171.35326468 -454.06473086 -224.20115095
   -463.54066635 -563.28173703  110.19659447  366.3733954   473.97101984
    586.66170553  340.4503056    24.25322626 -189.16127463  343.6736942
     22.89455322 -291.99735188]]]