[[[  32.18595226 -109.11807032 -238.74469494 -164.11287218  143.37798476
     75.2243527   -38.45496514   35.70410373   25.11023141  -11.20170109
     -8.66983432  167.84011874  289.19647007  240.60389698 -114.6774995
   -199.0060259  -195.91257695]
  [ 121.26037045  151.26275448 -308.04585626 -270.2761768    91.25796962
   -380.94533261 -342.42487362  169.9214157   123.3580524    12.34585404
     69.32922252   93.24107317   72.81157744  -32.03729961  166.55345699
    198.81624264   72.35268454]
  [-166.33078722 -227.16259678 -524.62174024 -591.62551028 -245.49139693
   -184.39196037 -457.97712994  104.40076562  359.27348419  486.5186999
    600.27122061  359.61153138   57.1022671  -182.37455449  332.71468067
     42.66545479 -254.57426313]]]