[[[  32.1884689  -107.84966373 -237.85261455 -161.32315476  147.16055892
     70.94315682  -45.7560823    37.41887592   30.34996427   -6.80831192
     -3.47833679  174.04077004  296.19999524  245.07300749 -110.94187685
   -202.72392303 -229.97788098]
  [ 115.99624859  146.43606899 -326.28320263 -282.1125201    85.55641543
   -398.69059951 -353.7316107   176.21077481  138.45266188   27.25821746
     89.06972604  107.02468527   74.92074341  -41.01849185  182.56162128
    202.75027484   64.71343488]
  [-189.95165586 -256.98050713 -555.28838136 -608.99495143 -275.47994008
   -194.51537365 -469.37212225   92.72541041  366.16258405  497.70389222
    612.39744295  342.59005937   37.47239344 -144.24572161  339.48880571
     52.45512077 -176.45232651]]]