[[[  11.12360881 -138.42981699 -223.82945762 -131.94427633  143.7362758
    154.42140162  120.08774024   29.40381231   21.73125335  -18.02490183
    -17.34450162  181.64120884  359.18876453  269.41307929 -134.69814209
   -286.85937769 -328.97068744]
  [  30.90743898   83.480768   -119.32336661  -11.11217432  -21.6658794
   -214.92017826  -64.21904115   89.48446235   65.41890106  -39.3313374
     14.6233389    22.2374655   -29.07284639 -162.69286426  134.2875154
    182.77485352   37.48011753]
  [-141.46811679 -243.931456   -604.2607815  -923.55768558 -270.338485
   -605.05947358 -920.80203494  176.9321729   447.29736221  623.53103885
    723.06391442  444.51275492  114.71079159  -55.80403503  419.09244638
    148.0411531   -52.47531873]]]