[[[ -6.61092171e-01  -1.48552612e+02  -2.20334516e+02  -1.41156377e+02
     1.40432768e+02   1.58899181e+02   1.05723789e+02   1.20496316e+01
     1.76158122e+01   3.73007763e-01  -1.49806493e+01   2.05341098e+02
     3.94938121e+02   3.06560125e+02  -1.74591908e+02  -3.39169206e+02
    -3.26158214e+02]
  [  2.93149820e+01   5.32604198e+01  -1.90317340e+02  -6.32092668e+01
     5.36955251e+00  -2.29162286e+02  -8.57601909e+01   1.15051724e+02
     1.21809323e+02   1.46568603e+01   8.75945458e+01   1.07565570e+02
     1.86759084e+01  -1.52295416e+02   1.52667981e+02   9.66252136e+01
    -8.03642443e+01]
  [ -1.90865898e+02  -2.96638700e+02  -6.46881416e+02  -9.48284770e+02
    -3.23498356e+02  -6.48186566e+02  -9.49002383e+02   1.31909110e+02
     4.22477169e+02   6.06935213e+02   7.04695831e+02   3.68939243e+02
     8.06804910e+01   1.76428289e+02   3.95756246e+02   1.15018070e+02
     1.80350377e+02]]]