[[[  5.02199492e+00  -1.41753987e+02  -2.56965984e+02  -1.55671400e+02
     1.48262106e+02   1.63596954e+02   1.09040444e+02   2.10988847e+01
     2.61615790e+01   7.45016097e-01  -8.15849103e+00   2.15315641e+02
     4.08858913e+02   3.17306704e+02  -1.66812554e+02  -3.38560305e+02
    -3.67250576e+02]
  [  3.27100764e+01   6.77437254e+01  -1.85189536e+02  -6.35746220e+01
    -2.32356904e+00  -2.43826643e+02  -1.02051104e+02   1.18428323e+02
     1.26403277e+02   2.01401997e+01   8.98252305e+01   1.00751513e+02
    -7.57214733e+00  -1.79527184e+02   1.69764768e+02   1.22170448e+02
    -6.20212469e+01]
  [ -1.98235304e+02  -3.04957659e+02  -6.53425207e+02  -9.39397851e+02
    -3.30978844e+02  -6.24638511e+02  -9.31919131e+02   1.20973991e+02
     4.17729532e+02   5.87757364e+02   6.70247059e+02   3.65225802e+02
     8.13210592e+01   2.14650597e+02   3.65950349e+02   1.14252342e+02
     2.18278748e+02]]]