[[[ -28.79127275 -171.25093576 -277.7402285  -179.59236602  114.0370734
    137.37380268   90.8142804   -24.54714639   -9.7588655   -33.74951544
    -43.51325866  150.07137723  302.22677233  324.20861574 -200.17777391
   -325.47657887 -306.51640987]
  [  26.93945491   47.33190984 -162.02337405  -16.04458109    6.54700829
   -196.12898584  -64.49460778  107.57305725  111.94227803    8.69945371
     78.91249698  104.28193395   37.8094073  -133.1997427   134.30562245
     46.53795752 -123.84479662]
  [-174.68491579 -272.86586949 -669.61817556 -966.87830542 -272.24343821
   -604.71308254 -952.95311107  137.23023489  419.380445    591.94012144
    694.7149948   392.10113475  100.70702873  133.41420919  393.25787062
    108.50852696  287.6046831 ]]]