[[[ -13.44944164 -128.68779095 -228.60931911 -134.71113439  109.50227556
     31.99662729 -115.79502774    8.45250401   12.44771324  -11.97464354
    -17.21332446  146.5888143   255.8322646   219.40325727 -147.92276624
   -209.29208338 -240.65835974]
  [  61.94396904   89.7428256  -345.68739771 -517.82895544   34.14514429
   -396.94752287 -525.93168691  193.97531156  207.4481495   113.17495852
    182.11948111  175.04996951  154.60253295   31.7989527   232.16911923
    237.37013429  116.32901121]
  [-236.6293103  -305.96482783   -9.50077939 -269.97340704 -305.42685377
     -7.03275746 -268.9577471    -1.06372088  264.23895147  371.84509062
    470.33496925  243.57441696  -37.72507682 -212.12018603  243.33977982
    -14.4903358  -180.54019742]]]