[[[  17.83745998 -126.45340056 -248.86077128 -134.47926779  157.68578285
    169.55304006  138.01529762   31.99399525   32.63609559  -18.72181851
     -6.95131537  193.42030534  341.04079743  283.82088382 -155.49553688
   -280.14744111 -360.2484399 ]
  [  29.18615975   82.77207899 -116.47300087    7.17353545  -24.39976116
   -211.43423211  -60.31857448   90.1595799    70.29672173  -33.93562008
     21.23712124   23.94729966  -45.24465284 -180.02011695  140.32802269
    175.97497641   25.40414442]
  [-146.05313654 -262.78137599 -666.33319794 -954.57094448 -260.41072811
   -599.7729327  -934.84264571  174.47746801  461.64178088  624.07695683
    713.54343302  434.33827812  137.75328174  -26.53424296  406.90837149
    136.46427692   10.24670333]]]