[[[  2.90446952e+00  -1.39004006e+02  -2.50487096e+02  -1.50744739e+02
     1.53522780e+02   1.76460560e+02   1.26444508e+02   1.31664632e+01
     2.88221189e+01   2.14901799e+00  -4.65745369e+00   1.94048840e+02
     4.27632066e+02   3.78377118e+02  -1.67106097e+02  -3.82590868e+02
    -4.15017961e+02]
  [  1.04582718e+01   3.46919577e+01  -1.80120190e+02  -3.72864724e+01
    -1.37754107e+01  -2.17298941e+02  -6.71493456e+01   1.05179537e+02
     1.32477062e+02   2.89573253e+01   1.00376320e+02   1.17834815e+02
    -2.73764349e-01  -1.77596665e+02   1.64167536e+02   9.07937352e+01
    -9.10547547e+01]
  [ -2.15210364e+02  -3.46655125e+02  -7.10933547e+02  -9.76095304e+02
    -3.45866230e+02  -6.80769376e+02  -9.69813367e+02   1.07817945e+02
     3.89104219e+02   5.82951437e+02   6.45333311e+02   3.64192497e+02
     1.26130735e+02   3.06734122e+02   3.64682071e+02   1.54429225e+02
     3.10225806e+02]]]