[[[  37.56482301 -102.60601028 -235.17620602 -161.71027096  156.569
     79.22747769  -31.74727703   39.62774359   36.16005649   -8.42546914
      0.75742099  182.52010619  308.87421719  258.41996728 -135.36551788
   -204.54487517 -265.60815877]
  [ 122.77509159  154.82709733 -311.91089542 -266.43486123   90.72308036
   -389.36376309 -343.49841236  172.35961061  126.34016338   15.71154464
     72.73250932   95.02119471   73.57448595  -46.91917759  174.90582173
    202.76396932   62.04275333]
  [-173.48791551 -235.37985089 -539.85696062 -601.50889161 -254.25504906
   -188.02406596 -467.61839134   99.50910561  363.56059666  485.56005886
    587.76674342  340.38351538   28.95061193 -188.85902008  337.41990073
     48.54454728 -156.67891712]]]