[[[ -13.70122647 -126.43181359 -335.52111123 -282.60135122  112.12325817
    -72.72841444 -237.65966439   24.71483402   16.53506156  -33.39728058
    -18.43030953  151.73612184  234.38213387  185.16637281 -144.98781185
   -199.778248   -210.31476483]
  [ 100.16057802  164.42502565 -237.45143442 -403.83691892   35.89616253
   -363.86586042 -428.20920472  185.70580859  162.52072808   70.17883391
    126.56707602   96.40609409   70.56605478  -32.51116153  228.87779965
    266.75272288  159.24502018]
  [-196.14157155 -245.21639318  -18.53104347 -294.45934073 -267.54079903
    -18.55631237 -291.98365211   32.62550721  278.06845875  377.61314609
    490.53439462  256.95422648  -37.09171286 -282.7999404   256.68146349
    -36.70894676 -252.31868565]]]