[[[  42.38236613  -98.8172212  -234.53725685 -156.73470708  162.37076123
     88.08225096  -16.91740793   41.32494118   38.39301122   -9.96427457
      2.30923374  185.94528373  279.85375673  226.23600791 -134.99874932
   -198.38567146 -228.36915573]
  [ 135.39847977  167.20961065 -287.20740628 -242.32390961  103.58734359
   -366.08235443 -317.82614832  168.70761357  108.44373233   -1.4962682
     51.27432213   77.26308808   61.32320755  -48.7954336   156.39154753
    185.08958315   50.51285025]
  [-146.27035615 -200.77499209 -514.75301195 -590.08697848 -220.10279069
   -183.53695019 -464.08157981  113.6379296   367.32374322  475.27429962
    572.50106655  344.68147587   28.65499241 -230.80239246  341.23253146
     23.28081985 -199.45178122]]]