[[[  41.7478198   -98.12905946 -231.92926279 -153.25663434  160.73337229
     83.4863268   -23.80671682   41.27828386   38.61841718   -9.24015442
      2.96791292  184.54333107  276.22150302  221.8282824  -132.99915619
   -196.68149634 -225.17384409]
  [ 131.92060018  163.63694996 -296.15039604 -250.08406791  100.20424767
   -373.58931385 -324.09397459  171.75328545  115.68146478    5.67486654
     61.45454846   83.74545585   63.17324484  -48.81996936  163.05119762
    185.24271862   49.65880923]
  [-158.80713333 -217.75896319 -526.80856174 -597.69452188 -236.54560764
   -187.74534278 -468.34268601  108.0611883   379.69022591  482.82013737
    580.11342694  356.41969543   14.3685488  -213.2025717   325.24274988
     34.72433287 -174.00470368]]]