[[[  40.2062433   -97.87173853 -230.13767398 -153.61482519  158.95445089
     82.64521488  -26.11988556   40.4671221    38.5415001    -8.6074916
      3.32822323  183.23746884  273.928907    220.46853746 -131.83481056
   -195.40930053 -223.2055639 ]
  [ 130.18489965  161.43974448 -297.69663436 -250.96962771   98.93005124
   -374.16523303 -324.06798116  171.42122262  116.26599706    5.5412753
     61.6718931    84.23682864   63.76904973  -44.8554131   162.73412869
    184.87961377   53.79016202]
  [-165.83114521 -227.60642885 -533.61520824 -598.45581201 -246.48507982
   -191.28502646 -468.06344477  106.38934305  370.0683709   487.96666218
    593.04670898  346.60996599   31.45120068 -222.16666327  344.16921977
     53.01541648 -183.27988569]]]