[[[  21.96433662 -118.20347468 -238.5878417  -132.84473599  146.73992035
    153.74619309  130.1137403    35.10881183   26.76540881  -27.29937488
    -12.52995702  176.70032374  310.31485092  221.58932408 -147.71730064
   -221.33299468 -297.48445228]
  [  42.00146808  101.41708687  -91.80741652   10.23551167  -17.41415149
   -193.73454945  -51.45053771   82.09355585   40.06089907  -58.84411451
    -15.51153147  -10.63419533  -43.43012887 -160.52595071  117.60365207
    189.07005679   55.90595686]
  [ -98.48709302 -190.6991607  -569.90401326 -868.39190939 -189.47929713
   -536.14140255 -858.15895751  193.91605395  455.33417513  593.7835862
    689.4307605   427.80369221  102.03419653 -160.01492035  402.86044507
    101.78909724 -126.21423158]]]