[[[  37.16803537  -91.69916893 -218.01397928  -95.18147824  172.02599313
    143.87808166  155.00179076   48.28898228   19.11310426  -39.09771566
    -24.82173273  169.72832445  303.82464385  206.72352619 -125.20544316
   -235.77011595 -319.78323353]
  [  40.82868471  121.03226267  -46.43986964   63.0213462   -39.3748802
   -192.0650591   -33.57882795   73.32812164   31.04564496  -62.51540717
    -19.52565522  -41.76816147 -112.8929833  -222.82424298  131.14709672
    209.82980012   75.39726568]
  [-118.37857974 -229.42391927 -623.7274788  -925.73324801 -227.42797041
   -588.82554196 -913.8694549   190.63810837  462.72545388  610.47301604
    703.42571095  435.36452108  109.84378459  -90.2115944   409.94364063
    143.67298684  -51.68502127]]]