[[[  21.89920399  -98.89226466 -217.45381533 -112.22921246  148.5498098
    158.50531219  149.77621683   37.58937341   24.47530634  -23.0285412
    -15.72159902  182.71614928  326.30246731  268.91123217 -128.99047231
   -280.5107286  -367.89139721]
  [  30.29063897   91.63414583  -80.31636764   41.16685361  -31.05285973
   -190.88848557  -23.24689012   78.69686927   51.84470921  -48.49410684
      3.91345224   -1.47870186  -77.035465   -211.84794711  130.623371
    184.90309608   37.70181493]
  [-134.79920298 -232.65531635 -636.74226792 -947.63921265 -262.85008089
   -636.96998317 -944.99607439  182.5414495   452.34425967  625.07999956
    732.88193374  425.28729809  129.28094024   -2.34904964  423.56554232
    125.09187194  -38.52709277]]]