[[[  27.95764869  -99.16735164 -214.5242378  -106.37640144  190.60142
    172.30098553  154.95475267   33.95791029   24.45047626  -21.11597412
    -15.17636825  189.3077592   346.55892865  324.49357995 -135.62580556
   -365.52630673 -417.69307966]
  [  28.81828588   72.8523458  -121.59752163   12.79244639  -15.21575706
   -210.37868505  -48.03097687   93.72591453   85.52289006  -19.12758911
     43.5304522    45.92986095  -56.70058115 -197.51020526  146.03178054
    148.73798735  -20.48868109]
  [-169.16981175 -279.78311432 -685.13416666 -981.67452971 -307.2979894
   -652.7895841  -970.34296751  158.96646854  449.82313777  624.10804228
    710.65102391  426.14312354  196.90228338   89.25433344  392.88601675
    101.50985807   82.58519454]]]