[[[  11.78456271 -104.33646207 -209.15399768 -121.91585497  150.62280799
    167.6328682   138.51317613   22.6748354    26.35698281   -5.92065337
     -8.84421216  187.75013669  406.08620964  318.42310224 -163.25644383
   -366.98755968 -404.29343216]
  [  17.23193868   51.24994089 -141.55984986    1.51369117  -16.78605151
   -202.67504546  -36.50415217   94.86689121  102.383591     -1.00096428
     66.50530558   77.04321775  -25.57935173 -190.0053414   148.62417284
    114.87542476  -64.41156456]
  [-187.62892568 -297.77862758 -694.34849698 -984.35210395 -327.58007127
   -694.29265183 -983.93982386  136.92289609  415.1720023   608.04991368
    696.1492851   389.37567339  116.62186458  206.93810909  388.53972178
    143.44611737  211.07003238]]]