[[[ -14.7265301  -106.44972597  -44.74617219 -129.63921482   90.1800203
    141.78494328   18.03328094  -40.76834948   -8.71354813   53.57101303
      4.05801819  115.37160167  169.33819892   76.04321504 -139.40696015
   -197.95829473  -99.50129617]
  [  15.548579    -93.44972466 -159.86589425  -28.23062834  124.5468766
     37.22463618  130.93256178   37.14334697    5.95973851  -62.69813617
    -24.99745675  128.4121636   213.06542184  100.78025065  -97.85678
   -168.86541292 -196.22553805]
  [ -83.37960558 -193.97572035 -620.9124839  -916.91559823 -169.53436899
   -646.59834375 -928.11238647  205.52524334  462.17674872  609.35036688
    691.67426122  435.75520285  122.67954178  -68.0137126   433.53734542
     90.92433298 -101.03359552]]]