[[[   11.12431453  -110.41129364  -219.36085906  -126.31413518
     147.64123518   165.76181862   142.56421748    22.14272612
      23.29209286    -4.63067962   -12.79227129   213.46482756
     449.27455319   322.52216473  -170.14380516  -387.58396186
    -421.66450115]
  [    6.16360429    42.00142013  -141.24376838     8.88699598
     -29.67420143  -203.00958048   -39.53253046    92.1639667
     115.34627851    13.59979111    82.10488081    87.43954897
     -36.73909786  -196.80890562   161.76436834   106.34030386
     -73.00783862]
  [ -205.34738518  -336.11148376  -744.03551771 -1010.2364285
    -334.58007834  -713.2924414  -1003.55142782   121.24254536
     390.79566155   597.60025078   676.69330978   366.36395745
     156.77878718   266.40109157   365.51184759   185.61442521
     308.21041947]]]