[[[  7.17972738e-01  -1.42087519e+02  -2.13125431e+02  -1.35511229e+02
     1.44375781e+02   1.69165176e+02   1.40773541e+02   1.17763943e+01
     2.20066375e+01   2.77313658e-01  -1.11326082e+01   2.11270130e+02
     4.62491535e+02   4.15952676e+02  -1.70882576e+02  -4.29191349e+02
    -4.58842452e+02]
  [ -2.94195597e+01  -7.15925833e+00  -1.43051167e+02   1.68388161e+01
    -5.16798514e+01  -1.80951595e+02  -1.00586967e+01   7.56214596e+01
     1.33836991e+02   3.72875947e+01   1.10934025e+02   1.18329526e+02
    -2.97684023e+01  -1.92216325e+02   1.63677295e+02   7.75592243e+01
    -9.09101721e+01]
  [ -2.32608861e+02  -3.76158191e+02  -7.90827759e+02  -1.04033923e+03
    -3.75577589e+02  -7.90269660e+02  -1.04057281e+03   9.58141979e+01
     3.52255202e+02   5.84359398e+02   6.37987114e+02   3.62032230e+02
     2.35751390e+02   4.32360680e+02   3.28998801e+02   2.28858588e+02
     3.95117548e+02]]]