[[[    2.45816175  -117.04064224  -221.85445142  -136.11725456
     137.10742053   159.71437423   137.02158838    11.62410469
      13.9086074     -4.52020019   -20.29929089   202.27062465
     447.90723719   402.85570408  -177.82189294  -396.55718415
    -430.19050645]
  [  -15.91803052     9.47407558  -139.38375776    21.04501856
     -41.31012656  -179.19762744    -9.86880515    79.46704116
     122.78160653    26.25213251    97.29237151   107.60115541
     -18.67066084  -188.1457901    155.12878812    73.27098213
    -100.47424951]
  [ -214.90645951  -348.95721979  -761.29986706 -1012.74976713
    -348.21362665  -760.61435156 -1014.84581732   104.80112559
     372.76348889   577.84238149   630.90008463   350.88706983
     185.50924262   380.41520093   348.94305467   180.32768865
     381.04846498]]]