[[[  12.98134025 -110.69467329 -218.29486472 -125.71879909  174.9401129
    165.84986261  147.55601727   16.5770379    14.39332962   -9.37444565
    -20.77046395  176.88626187  410.19233518  362.40444467 -176.62470098
   -353.1565614  -425.12508252]
  [   3.30578195   26.82822904 -138.10884342   19.58873211  -20.21665784
   -171.52423556   -1.91947754   84.28222158  107.49897593   10.22991138
     77.81933923   93.46056232  -20.37438647 -189.80091966  141.03091347
     77.4752467  -102.20863668]
  [-189.58113063 -310.62787867 -722.16545232 -979.64563518 -308.07115988
   -720.01102932 -981.3037775   119.32309022  380.72988553  571.29617655
    632.5714932   359.52477721  154.78973288  338.80969556  354.57819848
    114.15872272  298.22724069]]]