[[[   4.02553118 -153.31130984 -230.69713981 -135.02210626  168.84610146
    157.73155137  125.37576174    8.56518194    5.66822044  -18.63282088
    -30.8497498   169.82817557  325.61889211  352.47203502 -187.34259554
   -274.42828234 -303.53589863]
  [  19.45357608   45.33257575 -143.41819029    7.36209873   -6.42542505
   -188.57779651  -36.4766295    88.52609737   78.58052835  -27.79223923
     35.92606516   66.03641108   25.70498808 -125.47638158  113.6052555
     99.9422052   -51.3200282 ]
  [-149.83970821 -268.71143357 -686.02924832 -970.90137961 -266.99291501
   -647.64855183 -959.92182167  170.33699382  468.62394483  627.78173314
    698.51052907  442.8130787   147.13345826   54.02826666  411.87152635
    100.61301589   48.74683194]]]