[[[ -15.52005864 -125.4036453  -306.52817501 -241.34090494  109.74663123
    -46.83334374 -210.07726872   20.96074485   16.39166179  -26.26041391
    -16.51338651  149.2149667   229.1603442   182.87361181 -142.67076832
   -197.55726755 -205.24214765]
  [  88.14792828  141.45605448 -265.93167412 -435.29853435   34.83983259
   -369.56631289 -450.44150793  187.85158797  175.32502015   81.89686178
    142.49996428  117.73128837   85.74454263  -15.4286804   228.64658087
    255.44876683  148.63806544]
  [-218.71852719 -277.27343509  -16.9979454  -284.96869328 -298.4623819
    -14.56925785 -281.55214971   18.09167839  294.25532297  377.85709927
    478.19305331  247.75217451  -12.32758027 -249.19280163  246.80464799
    -14.76052224 -249.94620479]]]