[[[ -15.72516532 -109.65937036  -45.78561957 -123.61819864   92.58336075
    144.22769053   23.61722532  -41.58734973   -8.91500143   50.42473524
      3.23039518  118.272673    172.57093308   76.27093394 -142.29087148
   -200.58124943  -99.92387416]
  [  15.62868645  -87.81743687 -165.82513465  -32.33455956  119.0748142
     21.17421888  117.02718859   43.43620384   15.19169822  -57.34878034
    -14.53234348  131.07089733  201.11658528   78.76318222  -83.80649859
   -151.92371008 -183.72528689]
  [ -90.57560965 -193.11065971 -617.53274079 -917.03364717 -193.3087461
   -644.65665137 -928.70549302  202.81041999  469.1206858   616.41508236
    700.75797787  441.03744133   97.85815348  -64.12479311  440.97764215
     95.90789317  -94.85198803]]]