[[[  3.70853393e+01  -1.00815388e+02  -2.32180934e+02  -1.53386790e+02
     1.54178691e+02   7.79676769e+01  -3.68817808e+01   3.90923525e+01
     3.43823135e+01  -1.05492020e+01  -4.41511575e-01   1.78170814e+02
     2.67913206e+02   2.14421217e+02  -1.34594107e+02  -1.93166592e+02
    -1.87867708e+02]
  [  1.28681234e+02   1.59534371e+02  -2.99308051e+02  -2.62180389e+02
     9.78280916e+01  -3.74570059e+02  -3.32411409e+02   1.74182030e+02
     1.20696722e+02   9.30660113e+00   6.74822959e+01   8.84735326e+01
     6.35003391e+01  -3.91006511e+01   1.64632439e+02   1.82814393e+02
     5.62390324e+01]
  [ -1.74547959e+02  -2.41796018e+02  -5.14425768e+02  -5.90916170e+02
    -2.60511353e+02  -1.83081261e+02  -4.62607893e+02   1.01243730e+02
     3.79039369e+02   4.88965546e+02   5.78140554e+02   3.56093253e+02
     4.54388901e+01  -2.03570943e+02   3.52481432e+02   3.72788023e+01
    -2.06229392e+02]]]