[[[  3.71007459e+01  -1.01439798e+02  -2.34140895e+02  -1.54574628e+02
     1.55033319e+02   7.52548855e+01  -4.04430115e+01   3.93458902e+01
     3.51456597e+01  -1.07312468e+01  -2.74924697e-01   1.79740827e+02
     2.70171968e+02   2.15494890e+02  -1.34937780e+02  -1.95415385e+02
    -1.89377881e+02]
  [  1.27257574e+02   1.58846390e+02  -3.02723092e+02  -2.64407391e+02
     9.56687572e+01  -3.79661054e+02  -3.36308884e+02   1.75594979e+02
     1.24402633e+02   1.33732492e+01   7.27843555e+01   9.12655157e+01
     6.55327239e+01  -3.85548237e+01   1.68977938e+02   1.81228292e+02
     5.34399314e+01]
  [ -1.79323939e+02  -2.47774763e+02  -5.22387645e+02  -5.95534664e+02
    -2.66629821e+02  -1.85484871e+02  -4.65695202e+02   9.86245926e+01
     3.78538849e+02   4.90975140e+02   5.79484191e+02   3.55383544e+02
     4.25192211e+01  -2.07938890e+02   3.51837710e+02   3.65676818e+01
    -1.71584806e+02]]]