[[[  38.97684876 -100.06104075 -231.26626062 -150.33087838  154.76813339
     77.08412073  -32.86817866   39.50548884   34.03540185  -11.66783584
     -0.8578797   177.66365227  266.6150325   212.96845601 -134.51744853
   -192.14132713 -187.20671927]
  [ 128.77522909  159.90639862 -301.16851129 -264.05027251   97.64405475
   -376.60510031 -336.39016355  174.14460452  120.84912941    9.7388564
     68.17642568   87.97259727   64.22443792  -38.98284073  165.55137709
    186.22789037   58.87020981]
  [-168.38572307 -243.00548998 -517.79203557 -592.93656411 -237.79989394
   -183.68072664 -464.66287599  104.828164    374.32309753  490.32161037
    595.6743964   351.42511885   39.52331507 -209.12443035  347.33641381
     30.70041882 -211.84282615]]]