[[[  40.54192351  -94.48755929 -226.42101869 -144.08177548  160.78898978
     76.59083677  -31.06963588   38.51042019    9.99191058  -16.67015865
      1.68762163  154.32504112  273.21378961  221.63851291 -131.20873435
   -187.06915922 -182.45939407]
  [ 130.2513832   161.37888127 -294.01991398 -246.95069865   99.12388111
   -370.23275697 -323.00338053  170.89484127  112.65086637    0.98496721
     58.02370213   81.22294363   64.66366627  -40.33083951  158.28841215
    183.49296401   58.0573913 ]
  [-168.49487426 -245.20235779 -524.33363505 -596.23873759 -239.56289614
   -185.58775086 -464.88168746  106.86020888  377.67761767  491.95484333
    600.45315416  355.23179371   41.29590327 -211.22186177  350.39059038
     30.29784573 -214.87399813]]]