[[[  38.32080442 -100.84750664 -233.00461809 -155.959276    155.28525922
     77.44838567  -33.77155386   39.06866391   34.61165888  -11.39457761
     -0.66762894  179.02795407  269.00296672  214.46848622 -135.03274489
   -194.38896683 -188.45485969]
  [ 131.48591298  163.08873171 -296.74412272 -251.37773319   99.88309262
   -373.79463004 -325.26016882  172.7275916   117.07729267    6.61988155
     64.15556608   84.86732068   63.8249201   -41.20830722  162.46007209
    178.31753234   49.62974056]
  [-163.02892457 -223.70588513 -529.14369959 -599.15027735 -242.56833004
   -189.68380339 -468.32279877  107.2725504   371.2065649   487.73144969
    593.51250669  347.99170335   33.11938676 -217.46061717  344.56258055
     27.35169077 -181.26519365]]]