[[[ -10.92109298 -106.27034383  -41.83464044 -117.97860372   97.70477836
    149.13655235   30.4680068   -41.2549869    -9.0817749    41.29817236
    -27.797796    120.05258959  177.26928844   80.11069989 -143.13663239
   -198.87135959  -97.28136145]
  [  14.28824287  -88.78675449 -164.00991872  -30.8626437   117.36322809
     19.47368002  118.15427125   43.86299082   17.56444212  -55.55874097
    -11.20882212  132.28387115  199.0852904    77.40271747  -81.5533754
   -154.14636913 -185.41253474]
  [ -92.30226251 -193.69814002 -621.16713185 -920.91263988 -193.45454825
   -648.13797279 -931.81575684  201.40862547  474.30267268  620.01337868
    708.24033544  446.72233743  102.37717386  -61.25348934  421.32666972
     97.68486807  -92.31192981]]]