[[[  46.41548745  -74.63243974 -198.47817634 -129.90968993  147.39139096
     90.51691147  -13.66455064   41.98246431   26.39954763  -14.42971953
     -8.95908517  162.16946222  279.89607145  201.7737172  -111.01225523
   -196.41052069 -228.13771231]
  [ 134.77440047  165.14077062 -279.57297244 -224.60949141  104.40803957
   -354.34185227 -295.14935676  164.70142417   98.0357637   -12.93338034
     39.49885905   67.17466875   60.17960715  -51.90693201  146.91426647
    184.60383648   50.48350964]
  [-157.52474242 -218.02453666 -512.69716775 -585.00396892 -239.98724696
   -188.43568237 -464.07613961  112.78141076  379.30067018  486.30481719
    594.63620161  356.43389297   24.01444725 -253.17839011  353.26747996
     43.69109163 -215.31749883]]]