[[[  25.53601059 -107.9904814  -192.47316675 -102.71641797  141.41248144
    148.38065609  131.3698017    35.89514867   28.37815123  -37.308076
    -40.82251363  167.58062107  267.21523613  177.67413906 -139.40827545
   -204.68436099 -245.26248681]
  [  46.89950174  111.21295202  -57.03021798   39.67758799  -17.41393474
   -173.78941745  -29.42424808   72.06496283   15.57193531  -78.83573813
    -40.88298405  -40.54941078  -58.20761563 -156.90364367  100.11733681
    187.09820235   69.21512531]
  [ -86.40246658 -169.61108014 -540.58725594 -844.3219623  -198.33379477
   -514.80847979 -833.43469624  202.09245823  455.96984444  589.75883063
    684.02042353  427.10599407   75.72400118 -227.10850256  429.47197487
    140.23052742 -180.77646164]]]