[[[  22.93395425  -95.05780793 -145.55245784  -54.79282643  112.26156516
    114.58676731  137.54836124   38.13802986    4.00524582  -59.03735487
    -39.69434685  138.25143762  271.51810775  184.17213443 -127.118725
   -182.56100029 -234.81092022]
  [  27.58473758  118.09210206    6.57802479   93.86781184  -62.92259006
   -165.35767374  -26.72873683   48.11392073    0.93204891  -79.93674397
    -44.91520732  -80.39427152 -109.02788822 -205.18227796  110.37838936
    222.404081    122.1444272 ]
  [ -78.84467986 -164.63390444 -544.12428712 -860.81698854 -189.49873118
   -545.14828965 -856.53899984  209.41651519  457.99051445  601.408628
    714.67887468  429.78655598   79.72737814 -217.68831344  430.9996649
    115.24135434 -180.90904212]]]