[[[  35.64660311  -68.20717679 -159.7356496   -39.98164193  123.27399069
     91.01214158  142.47129817   48.72402274   18.3218827   -74.06488333
    -57.13888248  117.33780937  247.62095809  156.17846848 -103.19890001
   -154.69236123 -210.77228086]
  [  27.22030904  141.75238255   42.67423384  114.84037724  -87.31173768
   -171.62424373  -40.53686915   40.12475739   -7.36990362  -75.08442098
    -48.34163389 -113.68672507 -169.72695018 -246.30641527  126.03964043
    256.08035386  172.9303924 ]
  [ -79.22980942 -165.52757571 -570.44719155 -875.91608197 -189.3875172
   -545.30681502 -866.21012071  209.91746865  452.2538193   596.55607019
    706.30217105  423.61770598   77.71358796 -217.36562403  426.738618
    143.89894791 -144.49699991]]]