[[[  23.55475121  -92.8324005  -147.93112775  -43.75230057  105.83723627
    106.55127152  140.37187618   43.54573646    2.52476674  -68.87604873
    -43.70106427  132.41306631  263.23064577  137.85353301 -122.89219854
   -144.47563778 -196.57809082]
  [  20.2119749   126.25001774   24.47944728  100.01172136  -85.82602067
   -171.11505057  -36.47780665   42.65789583    2.16317142  -70.93091666
    -37.92950849  -97.91595752 -144.95548522 -223.08747047  127.52824019
    246.47665192  147.5536668 ]
  [ -91.91673006 -190.84172063 -571.34907036 -883.31306177 -214.88633754
   -545.14800316 -871.2293163   205.77243729  467.29469238  612.60324266
    720.85729898  438.85119947   89.55512798 -210.24013597  439.8984324
    121.00887908 -141.83039079]]]