[[[  37.27562671  -36.5610648   -27.08653538  102.68885749   88.8881845
     32.45435575  150.23722077   46.38794085   -8.90744728 -102.40300455
    -79.49644471   77.32438934  172.26973489   80.54858961  -76.92213309
    -80.66075551 -141.85087347]
  [   9.65989397  145.86877243  105.69296021  147.59937624 -126.54891754
   -156.91556004  -68.7811144    13.48890011  -13.37530807  -53.23138683
    -35.21122317 -145.78719781 -226.35849957 -278.01776087  135.1605797
    260.81511911  209.56545323]
  [ -61.80210636 -147.20459752 -580.23239096 -886.6967147  -170.91502933
   -580.26785129 -884.42555581  219.18218295  475.26752776  596.92245585
    694.28836547  426.26509918   90.91030266 -197.93006412  426.35131857
     95.54280124 -133.32264321]]]