[[[  56.84025794   -3.98108682  -23.77812447  107.28956744  100.45886022
     37.47546032  155.80510983   59.70139729   -4.54200717 -101.19187808
    -77.76988861   83.15570626  176.84133032   47.66448142  -74.01271646
    -81.86018301 -179.65183217]
  [  15.13509186  153.77621578  109.73015712  146.02928988 -123.50596632
   -163.00889977  -73.56560682   16.9334199   -12.95935361  -53.01781941
    -35.85448507 -147.99718072 -232.98768407 -285.57754605  137.74713581
    259.88606928  198.4273253 ]
  [ -67.08401776 -154.37861807 -563.12342137 -876.53930351 -178.32850291
   -563.16588557 -874.97983694  216.8191794   456.91226436  595.19574782
    702.66562236  430.10765033   87.55064163 -206.30794446  429.91462533
     92.10407178 -139.21002066]]]