[[[  92.37520883    1.64842935 -337.77447904 -193.5118007   133.88843923
    -23.88349716  -19.60028888   89.49304614    7.71855375  -78.72767873
    -66.18114232  105.89516271  151.04819581   12.98812728  -51.52111613
    -94.86187054 -176.73928171]
  [ 139.63435438  247.81016174  -41.53846579  -58.52215947   31.45864774
   -299.39294814 -129.58007564  118.2322038    34.9090861   -50.15611566
    -18.44757073  -66.18906071 -104.55779923 -163.68574736  156.04437512
    237.7289491   118.39059914]
  [-154.49896832 -220.33196848 -212.54275635 -483.91061761 -251.65170846
   -579.6236831  -621.44766607  130.43337419  403.37495455  501.48871484
    625.76437437  375.89805107   20.06142991 -262.05217994  381.01276386
     33.47701812 -196.32986784]]]