[[[ 102.50104465    8.861909   -345.66952066 -205.19201704  139.49012092
    -26.29962065  -39.95543127  100.42129204   11.76533114  -82.54305604
    -64.58166114  108.65145706  151.37298686  -16.97986845  -45.85107498
    -89.36115141 -177.06842804]
  [ 131.30268399  248.02936475  -21.09607669  -62.42388533   14.5761159
   -302.80316657 -141.53346265  116.67037724   40.09070236  -39.57967678
     -8.2268871   -73.14785188 -124.31604912 -176.54275942  170.64140187
    257.59394786  135.06226892]
  [-172.26627162 -255.53995617 -196.14042969 -475.10526504 -261.51816262
   -521.17211105 -596.08615326  119.38629401  402.1547396   501.95222146
    627.52834407  374.93802578   16.96904616 -268.06416828  378.93030117
     29.04050349 -202.38044287]]]