[[[ 115.27092341   21.13484568 -328.08766759 -171.22968781  146.51011467
    -22.45123091   12.62621435  102.14321148   12.07595398  -93.27387221
    -99.31967298  109.12961059  124.50186096  -20.02822105  -41.78811059
    -53.13143358 -176.63371653]
  [ 128.54028167  246.93339313    2.53500287  -18.69795093   10.14728276
   -287.25851368 -108.11437788   99.38385766   17.1062228   -58.20269332
    -33.32634928  -94.19308788 -139.56670838 -184.15003043  151.21342253
    254.13119621  141.65303258]
  [-164.03636364 -235.91345654 -221.79231096 -494.82356452 -270.29236892
   -620.12484315 -642.07924708  130.67104928  419.23163554  507.90468541
    626.97824553  360.60612033   20.87380842 -244.85692049  398.12946384
     66.04334534 -173.9472842 ]]]