[[[ 195.5860797    75.00276178  -12.79644649  174.90900016  206.32875906
     40.92406119  229.04965257  136.44254711   39.84903887  -76.00071048
    -78.15472663  106.19765572   96.01632439 -181.19240135  -11.51593043
    -75.48702562 -205.17207088]
  [ 113.64404961  201.89440001  -49.45561555  118.00533067   25.39392334
   -241.39568006   20.6574539    71.41167545  -18.1779962   -92.22501555
    -58.57776754 -107.2253122  -196.65753396 -206.54553397   91.16040299
    136.99843941  -39.40087502]
  [-215.06701367 -327.87182483 -664.66372927 -750.0757765  -327.6813722
   -666.38844885 -779.09512308  135.98473034  471.46948964  581.01364187
    699.43810586  411.35798782  129.66832892   10.16503704  444.44039642
    164.22176639   58.68329876]]]