[[[  1.14838845e+02   8.17501606e+01  -2.30893461e+02  -1.84927080e+02
     2.04113690e+02  -1.49499264e+02  -1.58793873e+02   1.24978026e+02
     5.61469446e+01  -6.55581347e+01  -1.10264175e+02   1.02056139e+02
     3.17248361e-01  -2.59944108e+02   7.57426217e+00  -1.71807694e+02
    -3.00376998e+02]
  [  7.62069095e+01   1.93568431e+02   1.06359681e+02   2.93267935e+01
    -4.11545391e+01  -1.76461719e+02   2.88347339e+01   6.14193868e+01
     1.82756219e+01  -1.17578540e+01  -1.97173330e+00  -9.90941705e+01
    -2.38356097e+02  -2.05210893e+02   1.44012713e+02   2.35096550e+02
     9.42081284e+01]
  [ -3.25788349e+02  -3.10316725e+02   3.09382056e+00  -2.31850733e+02
    -5.91155478e+02  -3.59849368e+01  -2.36344446e+02  -5.98711188e+01
     1.57813637e+02   2.80532803e+02   3.47746902e+02   1.36637977e+02
     2.70714336e+01   3.99794906e+01   1.45895869e+02   9.30152443e+01
     1.50340370e+02]]]