[[[  3.62905277e+02   3.31469712e+02   6.01185991e+01   4.14127176e+02
     3.60871282e+02   2.90942710e+02   6.13194412e+02   1.88739772e+02
     1.03533809e+01  -1.34540055e+02  -2.17732619e+02   1.19298023e+02
    -1.70376761e+02  -3.47468443e+02  -4.58884385e+01  -2.67277378e+02
    -3.30958151e+02]
  [  1.79425699e+05   1.79534730e+05   1.79477672e+05   1.79551534e+05
     1.79316667e+05   1.79134914e+05   1.79378709e+05   1.79332847e+05
     1.79226864e+05   1.79186312e+05   1.79186693e+05   1.79129579e+05
     1.79005023e+05   1.79122201e+05   1.79348937e+05   1.79427596e+05
     1.79217555e+05]
  [ -1.88308720e+02  -1.61161830e+02  -3.14682649e+02  -5.86636499e+02
    -4.23510846e+02  -7.94277066e+02  -7.49065074e+02   1.08131772e+02
     3.00831336e+02   4.03297922e+02   4.89034354e+02   2.72202856e+02
     1.26877552e+02   9.86606173e+01   2.90214844e+02   2.47577662e+02
     3.22761614e+02]]]