[[[ 387.07888089  414.94279553  652.85837304  858.62411148  356.13489818
    647.03863931  928.76867718  141.76106659   41.14658953   22.15920366
   -151.63845259  110.5526868  -135.61263873 -241.34471611   20.76162991
    105.29949771   99.39639462]
  [ -39.42024625 -103.08104555   87.60337084  246.02502672   24.24055903
    124.42986794  101.31013881 -144.30272783 -202.31647607 -173.0092891
   -210.79722477 -136.00279582 -102.71315518  -46.10525933 -257.82767678
   -297.85650213 -329.11914658]
  [-332.43095404 -311.6929281    66.73671857  -65.40285116 -561.67969987
     24.85594206  -64.61433324 -125.27178613  176.12950584  266.18011513
    281.85168464  158.70196131   13.65068203  -52.94051829  132.63750034
     83.7069352    79.63779592]]]