[[[ 268.69367581  199.4649164   -55.37614761  243.34126389  322.54218564
    273.61728823  473.3564657   122.12105482  -12.52814404 -166.30236496
   -281.22557833   70.44238463   65.7412612  -313.22774289 -125.36165471
   -306.98339328 -346.10629835]
  [ 198.9210035   302.04943964  173.48923179  340.96001526   95.79274896
   -155.96079416  189.62076835   61.68286196 -107.793819   -179.02802424
   -180.43404031 -188.97790249 -322.64826493 -313.6260316    16.43688465
     76.19215005 -159.4290746 ]
  [-152.00380181 -127.97894309 -273.6396989  -556.18432199 -376.13977211
   -678.75175896 -699.07361762  121.38951907  313.02404878  374.70744302
    406.39451238  286.3306036    87.44760763   -4.22770631  301.61270589
    206.12481337  250.64849361]]]