[[[  29.63265439  -83.65608502  -96.73457691    4.1655168   120.89828849
     95.24497029  170.21848722   47.34695647   13.92914294  -43.14092698
      2.49241343  147.12178064  197.60623931   27.30389406 -114.6708951
   -201.87359193 -107.66158028]
  [  24.89253209  117.0246887    33.5396229   140.45852509  -67.23959754
   -140.96890243    7.72370598   44.04170573    7.74956955  -69.01735428
    -26.26708561  -82.3044804  -158.41317939 -193.44469798  112.42581882
    163.84935184   21.77970397]
  [ -83.28122181 -185.36153582 -606.0811527  -911.24271353 -186.42168865
   -633.54251135 -914.31131132  205.00796232  464.41475755  607.82357469
    691.93662924  436.34272661   95.32659513  -89.33280173  436.5805475
     97.54613674  -91.6023262 ]]]