[[[ 285.24071443  205.10997356  -73.66630976  277.16907341  355.11253011
    298.27267234  457.02098922  116.00632408  -94.02214788 -244.98243277
   -366.27964352   -9.11382076   41.77497244 -274.2174856  -156.63705077
   -311.0357138  -380.59294321]
  [ 191.72722891  304.6947326   190.7520754   293.49718827   78.75998125
   -169.97853295  141.9588122    75.19918098  -92.26981884 -162.5753256
   -159.33586656 -192.25298273 -336.78618215 -329.45014512   49.23574361
    136.75844347  -64.16890543]
  [-223.64960392 -358.85598713 -269.75745799 -556.3680614  -360.90078712
   -516.09348893 -645.47886805  101.38488579  372.21923576  408.12052714
    435.28629132  351.60668699  125.0535903   -35.3596694   315.37965371
    167.21059448  181.28239392]]]