[[[  2.47954976e+02   1.83457068e+02  -6.38512767e+01   2.22178763e+02
     2.97360835e+02   2.14299181e+01   3.03860230e+02   1.10246854e+02
    -5.22207737e+01  -1.88418721e+02  -2.63829404e+02   1.67682404e+01
     9.74534703e+01  -1.38776839e+02  -9.77912396e+01  -2.19482519e+02
    -2.67262110e+02]
  [  1.15766176e+02   2.30832511e+02   1.08998476e+02   2.31804934e+02
     7.00026510e-01  -1.91938293e+02   1.50188727e+01   4.74611779e+01
    -4.75641447e+01  -9.72895284e+01  -8.97642828e+01  -1.50977903e+02
    -2.85552981e+02  -2.33984478e+02   8.53968408e+01   1.82462301e+02
     6.99168265e+00]
  [ -1.37066630e+02  -2.17966142e+02  -5.62626541e+02  -7.65544015e+02
    -2.16949725e+02  -6.05718843e+02  -7.96648684e+02   1.54616711e+02
     3.85895079e+02   4.49481004e+02   4.76306824e+02   3.94241915e+02
     2.03566335e+02   4.94657429e+01   3.63334180e+02   1.89550550e+02
     2.18261557e+02]]]