[[[ 276.91186137  189.64805561  -41.61109418  231.48260239  331.99460737
     -9.2643549   267.51482409  137.76734017  -34.00558801 -192.74473135
   -303.40037595   32.50496829  136.13019459  -63.68307525  -70.5364414
    -28.37838625 -139.3985105 ]
  [  57.0929193   183.75236393  113.85632522  148.58877857  -69.56633305
   -222.64630006  -77.44424079   18.74373973  -33.8490679   -67.75551889
    -61.23801288 -156.90435839 -272.94520877 -233.26125979  108.28576902
    243.59833162  128.2842899 ]
  [-118.10546047 -213.77049858 -536.71093224 -682.38635699 -210.99604719
   -580.23084227 -714.01777522  167.09803472  420.01495757  458.25163127
    483.6763712   401.79701039  184.08443389  -74.23450012  365.03701946
    104.92235793    5.10083729]]]