[[[ 224.67319451  157.08983775 -103.12705458  115.56345001  278.70064893
    -13.96495067  199.77461096   84.71109338  -92.61561848 -231.75291709
   -319.97259854  -16.28272851  133.97315498  -23.80069073 -149.26877631
   -199.92691896 -253.11679605]
  [ 128.5741914   254.14909639  125.33720535  217.9993066     2.9994652
   -189.55918471  -10.29580329   54.86339596  -49.57819105 -102.7232704
    -99.33687491 -160.84902705 -256.59467882 -241.54259183   96.03897138
    216.53002882   85.71756955]
  [ -82.13714611 -118.82290362 -429.6429406  -715.27325015 -150.42026297
   -475.76690021 -743.66273908  180.34100329  419.93980174  428.82394542
    476.86951661  399.98096602  149.43443888 -114.94144917  352.81204799
    126.88404497   52.80491364]]]