[[[ 224.65574908  155.75318237 -117.11055235  101.10743334  288.35354978
     -6.76602504  139.76551921   83.65181627 -106.47934116 -251.95137006
   -352.82708916  -25.36689647  184.65518973  -26.97804248 -159.09238923
   -192.97992197 -280.88236045]
  [ 122.84270641  251.48033129  129.87775583  209.77704199   -5.79471806
   -203.26413813   -7.96526313   62.7772171   -44.84502702  -94.67496604
    -92.28034166 -162.35581169 -244.59902154 -262.1935927   108.02927222
    237.45952006  113.08083863]
  [-110.08326699 -173.22194291 -487.17680926 -658.035508   -202.39081261
   -250.32126338 -577.58057566  156.90162878  401.23841084  415.87211067
    460.96892071  382.35647506   73.47495158 -226.83527079  336.39393624
     91.05220651   13.34522912]]]