[[[ 224.89041363  215.23004347 -152.57100934  -57.90846139  273.09055448
    -87.76335112  -41.05044934  120.0964818   -83.41683774 -234.61784279
   -358.72714166  -20.3291724   145.63251804  -10.02857047 -115.59412632
     37.11940429  -82.97667149]
  [  45.07677146  187.85917881  155.80267388   55.16318726  -97.70555162
   -198.53878132  -61.92593026   28.15427751  -12.51512168  -32.41165926
    -30.91278507 -155.36932211 -232.31878646 -257.60281044  144.16313755
    266.61827097  237.17026576]
  [-127.3650747  -199.22957679  -62.75454219 -338.6525889  -229.99938898
    -60.03898954 -337.05574894  103.70894671  330.51308904  331.89475983
    385.62076862  312.4840059   -64.17047999 -323.53789943  280.53348277
    -61.99312854 -237.96077938]]]