[[[ 257.95672888  299.45033674  -80.20993765   54.95898976  273.33003875
    -32.79616754   65.94432683  119.76015973 -112.12064303 -264.75069621
   -400.0908932   -44.93573969  170.24930939  -39.37729145 -146.50511736
    -86.20575224 -210.36695468]
  [  56.9022148   196.54545229  203.42020429  119.81585219  -82.74099909
   -164.57429793    4.398144     25.18187737  -42.94302437  -62.49270136
    -69.93049937 -175.58674819 -246.94349759 -281.77700275  112.46431345
    246.06936952  193.43574528]
  [-150.01038874 -252.00013341  -41.78543678 -311.19020275 -258.7647468
    -69.34726912 -319.56873116   88.80223737  289.36429076  307.22645329
    342.00311726  299.53563783 -125.64645285 -350.3270334   277.19068927
     29.84882598  -98.43167816]]]