[[[  3.00149399e+01  -9.15755270e+01  -1.01601081e+02  -1.11650441e+01
     1.24700036e+02   1.34021889e+02   1.80393803e+02   4.29037751e+01
     1.04687481e+01  -3.91491956e+01  -4.42929275e-01   1.49563184e+02
     2.00936045e+02   2.49471122e+01  -1.24763515e+02  -2.14336423e+02
    -1.11917538e+02]
  [  2.86320382e+01   1.04499217e+02   1.36113168e+01   1.36266268e+02
    -4.72351128e+01  -1.32222426e+02   2.86800418e+01   5.16323120e+01
     1.22229268e+01  -7.12546279e+01  -2.46431035e+01  -6.35833205e+01
    -1.36822417e+02  -1.84265890e+02   1.01935392e+02   1.38442202e+02
    -9.51133054e+00]
  [ -8.63187330e+01  -1.91196665e+02  -6.18550516e+02  -9.15856585e+02
    -1.91159288e+02  -6.18417903e+02  -9.09138568e+02   2.04807673e+02
     4.72626930e+02   6.11036089e+02   7.04416192e+02   4.44855436e+02
     9.68902319e+01  -9.20124388e+01   4.19916251e+02   9.68162973e+01
    -9.45884014e+01]]]