[[[ 258.76191993  298.87815296  -80.17281922   46.85484255  273.00064498
    -31.54890244   64.80671239  117.9237868  -112.66638384 -266.00810778
   -399.85376899  -45.53267785  171.63017793  -38.01525485 -147.44089018
    -89.67166175 -212.96006263]
  [  61.39661065  202.29667307  206.64163366  132.71049243  -79.50341826
   -166.12067071    7.41181472   25.42649352  -47.45095049  -67.51652117
    -76.20811844 -180.64583029 -245.57394979 -285.86239736  109.82811265
    244.07431566  193.23944515]
  [-132.28120422 -210.07307267  -34.65268498 -309.67630574 -251.32788793
    -71.49972452 -321.05182872   98.61079921  322.45001439  305.95856202
    341.62369946  267.05614871 -129.97526236 -404.36863907  279.12103498
     31.03776315 -113.4357668 ]]]