[[[ 268.68274358  333.98533215  -34.04709708   67.40457241  249.72669828
    -54.69719987   73.48310427  129.32844074 -123.44993005 -259.90184813
   -408.14857104  -66.37803169  146.85996895  -61.74926495  -70.84620167
    -26.02063191 -150.69405336]
  [  15.51223989  152.31657163  214.45604525  124.58902891 -121.29211133
   -151.74103864    5.7511711    -0.60306885  -35.82930814  -34.53972669
    -45.19081166 -172.88992405 -254.10865478 -269.65870146  113.67814338
    241.46478311  218.08536231]
  [-136.33335257 -215.52018074  -29.44257176 -306.86746847 -259.62695685
    -84.75806356 -325.95679174   96.84577566  312.34776491  307.88359949
    331.77452209  255.22979675 -141.01711009 -411.32158529  335.5631531
     50.5387055  -100.85481246]]]