[[[ 272.73634512  337.29964504  -54.75118634   76.16560748  266.78853978
    -31.50015203   86.40768834  126.64651793 -116.50470641 -268.50400803
   -399.72819783  -52.73656771  159.09954037  -47.39392387 -146.82432931
    -76.47451151 -200.50269502]
  [  44.27431759  185.2415898   211.10956061  128.19885495  -96.69295721
   -158.67421916   11.80262254   15.35848748  -43.09265202  -56.74727487
    -65.33106094 -179.28343091 -253.32510114 -279.96668764  112.44745274
    240.59883391  192.62381605]
  [-141.20964243 -222.02747868  -38.42931457 -312.60601594 -263.10585992
    -78.31203878 -324.00976903   95.32210242  307.15849304  308.97584962
    359.51216825  283.52962237 -139.63558053 -369.03205589  264.4253458
     30.35520546 -103.18924554]]]