[[[ 232.71291744  275.11593285 -133.21443619  -16.23675919  252.10460261
    -84.55897362   -1.58916065  117.01371051 -107.63053591 -248.48320082
   -343.81251646  -42.81724157  156.96089066  -46.77590723 -143.14522456
   -103.98157048 -224.55312894]
  [  62.85215879  209.86176376  199.36663873  115.70728337  -84.15743573
   -167.01245204   10.589228     31.33732882  -37.21650656  -58.95845537
    -65.03019394 -177.64397055 -255.77397963 -281.84651911  125.62221423
    259.57071939  195.04279989]
  [-169.43032092 -250.53186999  -41.01660465 -322.98850196 -290.43071194
    -76.69692016 -333.0159424    79.86759939  284.4227309   327.51443937
    410.18116552  259.94433506 -123.2213563  -334.49183852  271.80922831
     35.61329844  -80.43533887]]]