[[[ 230.30771502  146.66210756 -110.49375149   87.71776973  245.07859194
    -42.32007028  142.6901645   125.54632377  -40.44808791 -182.36190894
   -242.65155292   21.06339027  155.90554395  -20.91543168  -75.4753442
     13.70924638  -50.11464194]
  [  61.67277271  194.84319268   92.59982963  101.07485355  -71.49751026
   -219.98502348  -80.63393029   29.39750004  -28.33117475  -64.01611769
    -55.41804954 -156.543152   -213.47929602 -201.15903092  121.07339267
    237.78074128  144.26483187]
  [ -89.90555356 -158.36956732 -438.74380183 -635.13981237 -158.88171788
   -515.1426435  -672.00020103  179.48629249  414.88801685  481.92052355
    595.12330155  417.78922455    7.76942866 -175.44687292  390.78355351
     10.89495043 -102.17808743]]]