[[[ 224.13132686  140.63585567 -113.93683004   84.4999367   238.39787686
    -46.24517524  143.58465892  123.45125806  -40.04400562 -171.02908013
   -206.26979046   20.5840316   150.0122797   -24.27730689  -75.98041517
      9.62063822  -52.49715896]
  [  62.63800722  193.97879902   89.46658302  107.5362786   -68.70268773
   -216.69389769  -79.26040923   29.27096285  -27.5210155   -64.83267879
    -56.03134885 -153.88264964 -212.57659514 -198.57760497  119.3519061
    231.54455516  135.73762891]
  [ -81.06959662 -144.11347434 -458.63472988 -645.0172589  -145.5909931
   -534.69854111 -680.7553388   183.6716736   421.15920551  484.19937929
    599.5819673   396.89499476   18.81866601 -159.27045154  397.5997899
     21.86890599 -123.82273502]]]