[[[  2.61151826e+01  -8.48754915e+01  -6.28042110e+01   4.54561569e+01
     1.10013450e+02   8.77631542e+01   1.80918185e+02   4.63654881e+01
     7.88799513e+00  -5.45483870e+01  -4.87940566e+00   1.36605912e+02
     1.87702651e+02   2.01088035e+01  -1.14692030e+02  -1.68781041e+02
    -1.14049787e+02]
  [  1.37966755e+01   1.18147427e+02   5.73520026e+01   1.56379454e+02
    -9.05540489e+01  -1.40384089e+02  -3.59500234e+00   3.09293566e+01
     7.25769190e-01  -6.78435146e+01  -2.92310379e+01  -1.02365625e+02
    -1.81880125e+02  -2.11827763e+02   1.18629806e+02   1.89330685e+02
     5.93777203e+01]
  [ -8.46938035e+01  -1.81625139e+02  -6.31394879e+02  -9.28933172e+02
    -2.06029184e+02  -6.31944248e+02  -9.23104939e+02   2.06685958e+02
     4.69483076e+02   6.14802398e+02   6.97465712e+02   4.41764513e+02
     1.02624125e+02  -8.24925239e+01   4.41698244e+02   1.03777629e+02
    -8.59769079e+01]]]