[[[ 198.62361403   79.40354805 -130.90446499   57.60345497  227.20156041
     30.0225374   158.43267204  119.62256821   -9.5376391  -135.97551424
   -167.47722037   56.9096877   139.784988    -36.98417243  -58.49841294
    -19.15449394 -110.76591807]
  [  99.12073673  209.7226505    10.92441083   87.30294525  -11.4809963
   -254.61241871  -70.47150978   57.05763302  -26.53929752  -87.50417454
    -68.45599669 -134.17386163 -175.70659972 -187.16176076  106.39193158
    209.42317513   96.16007228]
  [-106.34933787 -179.337198   -519.50855095 -670.83622426 -177.43879974
   -518.19913494 -679.71091641  177.88238076  453.14649639  514.68698485
    632.73164996  429.94356011   59.14340513 -186.27732107  396.0364491
     55.72871805 -146.23315133]]]