[[[ 179.07237624   69.67292181 -134.85890525   40.67908796  191.80679583
     29.69103367  137.45599494  115.13868048   -5.32665798 -119.84515913
   -129.73005898   62.29674671  140.98129229  -35.4106229   -58.29195909
    -20.19680321 -110.63378312]
  [ 104.10087147  206.08161076  -17.91960232   72.22726893    2.1202899
   -258.55042987  -64.17651231   66.37830686  -18.1461841   -86.66259081
    -62.43556    -118.53006806 -155.57137391 -176.70520187  105.81698492
    196.86482111   80.52525201]
  [-125.97826267 -206.49409015 -548.32615153 -681.80123877 -204.39907441
   -513.6212317  -678.4153446   171.27446409  468.13516534  534.44599541
    651.75377561  444.531548     71.81373444 -167.31731281  415.18591331
     65.32623061 -170.52011985]]]