[[[  97.23420071   51.91679232 -118.58547401  -79.72086641  151.24117824
     38.1254344    99.67114053   93.17992327    2.40878427 -115.1804595
   -123.99298777   62.23590167  151.37412727    9.55331191  -39.40614062
      1.04862274 -106.19868414]
  [  21.4346568   176.09595715  114.05590356   99.1762751  -133.22653126
   -184.0282285   -98.52148361   22.01052179   -5.34077168  -38.05319687
    -25.49499928 -161.12724552 -272.31240243 -289.33308092  163.87021537
    306.00881456  257.86305969]
  [-103.57235783 -158.47753746 -514.89906882 -745.971956   -189.43841964
   -498.67782761 -859.30567149  199.18941901  517.16100062  587.90414489
    737.1022358   491.04557558  119.73176121 -133.44777701  463.67215522
    116.75489148 -135.61994889]]]