[[[  69.69625764    3.86837398 -114.51280493  -34.71731859  138.50413957
     38.48841213  117.42588664   77.5526786     3.79369859  -95.67455574
    -82.89485553   89.4699147   145.68608009   10.08458279  -42.91809394
    -44.6971503  -110.15497866]
  [  19.32189677  165.65534196  102.84906782  113.55423125 -127.01143332
   -174.05072835  -88.33032502   22.81945845   -4.97787668  -45.5846413
    -28.65093205 -152.01697469 -261.4631047  -279.52587406  156.25803732
    294.27358557  235.93925348]
  [ -94.25859599 -153.38150656 -541.7736011  -764.37655277 -153.14899049
   -554.56764831 -891.9773626   203.51226289  502.06081904  596.28820732
    746.39789673  475.36209799  149.67881344 -127.85548118  475.34583042
    149.89066419 -130.52038517]]]