[[[  56.18674971    5.97206513 -110.92778736  -31.99124079   99.28737717
     -5.89506286   69.168872     74.62793509    7.79195797  -93.68604372
    -77.848802     89.66700578  182.35275896   15.10871218  -34.70605854
    -34.80994889 -104.00097682]
  [  17.49719345  170.09703399  119.54562272  118.20201635 -135.10252641
   -172.46533665  -94.73463319   20.17779733   -4.62896975  -38.68511316
    -25.29284579 -156.16702488 -268.2628425  -294.07847882  160.6316809
    302.67777504  252.07171955]
  [ -99.1721697  -160.78816369 -514.70585556 -763.14625696 -162.5197486
   -555.92925731 -894.54603074  199.2090822   518.05646631  597.09875683
    730.81969801  460.60336876  135.30140679 -139.79636422  492.14722212
    141.51546488 -104.14215254]]]