[[[  4.51936341e+01  -6.79882489e+00  -6.82440828e+01   7.23076798e+01
     8.20964835e+01  -1.31470362e+01   1.10204115e+02   5.96490790e+01
     2.19307405e+01  -9.81278476e+01  -8.60490895e+01   7.23532066e+01
     1.63933310e+02   3.89520723e+01  -4.66730257e+01  -4.60965977e+01
    -1.12257156e+02]
  [  8.78123813e+00   1.56259361e+02   1.16800474e+02   1.31328593e+02
    -1.38696865e+02  -1.69787595e+02  -9.50244189e+01   1.43841165e+01
    -8.29119382e-01  -3.22538059e+01  -1.80172937e+01  -1.47472111e+02
    -2.60960634e+02  -2.94111019e+02   1.55849394e+02   2.85266313e+02
     2.37718655e+02]
  [ -7.05601331e+01  -1.65066861e+02  -5.82312703e+02  -8.88279328e+02
    -1.65329126e+02  -5.81509914e+02  -8.86849069e+02   2.13290249e+02
     4.56570603e+02   5.93033386e+02   6.82863880e+02   4.30872207e+02
     1.15378939e+02  -1.48382542e+02   4.28943884e+02   8.67462448e+01
    -1.51180533e+02]]]