[[[  31.04627638  -35.92558476  -65.60173925  -25.10763307   99.21562713
     -2.6038863   -18.46307453   58.27551156   11.9839565   -79.76930233
    -69.08015854   98.85396717  193.77655075   67.28673076  -38.80370671
    -75.60369335 -139.9273558 ]
  [  17.10979613  151.57044556   93.72030681  107.43617206 -117.35079839
   -174.66223857  -97.70672706   28.7202787     7.01176411  -38.6914854
    -19.519793   -125.95358357 -216.39719602 -265.32483982  153.99831391
    276.23343224  216.69077693]
  [ -88.44999441  -72.24670137 -536.18774748 -741.33255768  -98.64805857
   -535.09240112 -741.79135513  194.89540328  540.9693917   581.35644545
    774.07240325  491.02351503  169.16947944 -103.00997569  515.48698217
    170.46830254 -102.60749448]]]