[[[  44.74064003  -37.71414883  -71.47063077  -27.96990712  103.5434371
     41.36448842   77.56786464   60.42903002    4.36800898  -88.09390365
    -75.70818581   92.76737661  187.12935001   59.14801823  -47.9906564
    -80.63859032 -146.82856017]
  [  15.03749927  146.78064439   82.36437703  109.36074794 -116.70561489
   -169.21252717 -100.42466004   30.49490281    6.28393195  -39.98127828
    -17.95504751 -125.06048183 -210.21475578 -254.43184151  150.96315135
    263.9882147   196.28390036]
  [ -73.27415189 -109.4607637  -567.09654344 -789.2332613  -131.32970966
   -431.3595603  -839.15350235  205.96411656  497.48059858  583.94608063
    727.15005753  472.30769059  123.35151511 -150.67619496  469.07944791
     91.35019254 -153.51740732]]]