[[[  35.31385184  -33.92323518  -65.05151262  -26.62132374  101.41211498
     -7.09400726  -62.66197741   63.57640875   12.62936453  -80.94744953
    -69.46164041  100.20198398  198.85510986  102.03018352  -38.03954642
    -73.49614196 -138.77937188]
  [  15.22341915  152.82086964   92.37824551   95.0009408  -122.37393677
   -184.68690663 -117.41446396   30.4190306    15.40496977  -29.42238937
     -7.83339876 -122.28530264 -220.71597428 -272.24902003  163.9360496
    280.07009079  225.87604272]
  [ -91.89189949  -79.44066803 -513.7379547  -748.82478907 -105.02566294
   -510.08026084 -750.25391193  194.15747142  537.87217456  584.03714657
    772.25031663  513.86900577  194.06328305 -109.40263815  510.18133113
    133.96866462 -114.57721108]]]