[[[  29.72816322  -22.91723406  -53.37959774  -53.88235574   81.81234662
      5.02201306  -49.73791854   60.12123764   22.17122179  -85.54484472
    -61.13848727   82.30821955  174.72001141  112.9884754   -55.34248664
    -58.84627525 -123.7779326 ]
  [  11.46182041  154.22300133  104.33210419   95.98260493 -131.29929642
   -172.03216415 -109.96569947   24.15893388    9.84122564  -28.52309208
    -10.52087553 -134.54021777 -239.71438132 -290.33273722  164.46157462
    291.20503464  259.96466082]
  [ -99.14610903 -107.95609965 -523.56635228 -764.36500984 -109.274894
   -521.42234745 -764.26981291  194.54460712  547.45411372  595.53068672
    786.6493838   522.70865719  199.87569856 -111.84851012  520.74472276
    168.98639391 -114.66856519]]]