[[[   9.30436995 -104.65670111 -183.32994186  -84.01838723  102.10121659
     71.78433904  115.83503936   34.37047246   31.60172105  -31.82014078
     -5.09509695  163.66767306  256.58800184  129.50721009 -127.71345412
   -214.98657668 -119.46839096]
  [  22.08844985  102.94507759  -17.13424579   92.66792796  -58.76819837
   -165.62360905  -19.87709038   56.09774764   26.32424302  -58.92000978
    -14.2958788   -46.43100467 -105.46831132 -169.46710577  117.74621019
    178.30107228   48.28011519]
  [ -79.1056857  -152.82392209 -610.58719062 -899.53410453 -176.76760108
   -612.18853144 -896.96730674  202.77065298  459.49018842  598.11759309
    682.37269667  431.6065508   100.37405152  -82.81656313  409.21815416
     97.78774126 -124.20720157]]]