[[[  22.05554504  -97.38552656 -109.7850942   -11.8531579   109.97287943
    118.2875883   178.39782115   41.74341345    1.74840473  -51.68994711
    -11.27054595  137.20804459  224.464221     57.33166721 -127.4173984
   -181.63572278 -121.51851744]
  [  18.50923251  110.4930589    29.68882362  134.47929646  -73.4745662
   -140.62121817   13.14903345   39.81596489    5.75528262  -72.730696
    -31.33096006  -83.63434248 -154.77166963 -203.16944352  112.77667201
    185.59638993   54.41164903]
  [ -86.17542876 -181.47597545 -603.84366267 -916.12607716 -206.46703594
   -631.70518693 -916.8761754   206.87902619  475.60096307  614.11207168
    705.39834498  448.15847049  107.04070012  -81.88808322  423.61518813
    102.91698872 -126.68930601]]]