[[[  31.35224885  -24.5586742    -8.64470803   80.17528856   84.04694249
    -31.51175327  -50.85777746   50.78934257  -14.28811078  -97.05781287
    -65.66549741   79.36347393  176.17972957  120.63733204  -65.66453832
   -106.54585118 -172.66585591]
  [  18.3139311   156.41904547  107.87055818  119.8114923  -119.79108795
   -177.16285816 -108.22860121   28.69294938    7.77486956  -36.11537487
    -14.39848297 -127.94596626 -212.90562587 -276.20087125  156.13039362
    265.57017131  217.03012798]
  [ -99.09340929  -98.90344617 -514.51584099 -748.17810102 -125.53211807
   -510.08036623 -751.09737418  195.10853094  556.75528847  597.91695771
    796.30599261  506.56932213  177.00517283 -137.86751105  529.65721483
    149.3763003  -101.62476065]]]