[[[  38.9383021   -26.38223024   29.45815021  153.55551485   75.67269431
     15.33950403  127.61638875   47.28088174    4.41108179 -100.73799385
    -71.3402181    64.14119767  161.45905968  100.32720386  -70.86703219
   -107.5001213  -174.71928987]
  [   6.17825336  142.87324713  114.01691372  148.72179987 -130.51667507
   -157.23178257  -85.41348476   13.25475574   -7.20394642  -43.52988981
    -23.79365915 -140.96643962 -220.1585351  -280.78378919  138.3505346
    243.47603848  195.76237395]
  [ -60.04094474 -156.57025481 -577.32402753 -877.45871639 -156.93594551
   -548.26039339 -867.22966518  219.11728919  461.4256912   600.46795458
    711.48824401  435.82698928   88.43282041 -215.37542731  433.18255246
     57.99415025 -147.55338628]]]