[[[  26.77722765  -37.23631685  -17.99888502  102.61257938   67.60943663
      6.88782714  121.6590214    47.44118852    5.69577934  -85.17208793
    -40.25992303   93.41120426  158.20398437   95.16201022  -71.0630377
    -81.56750198 -178.84457752]
  [   6.96368522  144.07455019  103.59308027  140.12739228 -130.14712605
   -159.24009609  -77.85728165   15.03026665   -8.7998187   -48.29273849
    -28.93920192 -142.50743709 -222.6493323  -285.42605124  139.53788019
    263.80065131  221.16163079]
  [ -72.12321148 -160.93337887 -578.84795037 -887.59643392 -186.14680979
   -579.28092608 -886.33229609  214.58683601  463.531998    610.63034045
    715.40436549  435.50682133   88.47410205 -214.14987329  437.24414086
    122.0743588  -142.54948929]]]