[[[  18.28393967  -47.74091487  -30.80112231   89.49959492   53.19689554
     -5.72018414  107.48457291   47.1246967    26.98216763  -73.23388314
    -43.52138628  111.0661434   173.93165456   80.08329065  -47.24190091
    -86.93458383 -183.30005955]
  [   4.57067837  140.37435134  104.51916823  141.60639128 -131.23296075
   -159.87147959  -83.40252097   16.06166539   -4.95973824  -44.00126295
    -25.78219544 -136.46644229 -218.5699477  -280.88933531  140.56177376
    263.1946695   212.59627988]
  [ -63.05855214 -152.30223371 -583.59066815 -882.18224533 -154.06136316
   -583.97071777 -882.68986878  214.32451859  467.37655839  600.34673126
    686.40232885  417.06037364   82.57741777 -204.84283416  441.64882786
    116.59773252 -135.5387882 ]]]