[[[  1.82808631e+01  -5.83152362e+01  -8.27256979e+01   3.75297524e+01
     7.26531572e+01  -2.20821809e+01   8.70163201e+01   5.10649888e+01
     2.00169079e+01  -7.10434866e+01  -2.43210440e+01   1.05193247e+02
     1.95737763e+02   7.07247745e+01  -5.45916475e+01  -6.41197308e+01
    -1.58170312e+02]
  [  7.65631123e+00   1.45779741e+02   9.03566384e+01   1.26291796e+02
    -1.30467080e+02  -1.70762276e+02  -8.65296272e+01   2.04648499e+01
    -3.19142095e-01  -4.16206759e+01  -2.18909401e+01  -1.34798372e+02
    -2.20818649e+02  -2.76579244e+02   1.48957048e+02   2.79438552e+02
     2.24776180e+02]
  [ -7.28586533e+01  -1.52600922e+02  -5.77300859e+02  -8.81710582e+02
    -1.76602620e+02  -5.78111249e+02  -8.81013378e+02   2.09348775e+02
     4.72212029e+02   6.02786575e+02   6.92600906e+02   4.21560026e+02
     8.66494054e+01  -1.98540365e+02   4.23772613e+02   1.19471748e+02
    -1.31758844e+02]]]