[[[  27.78427585  -48.5360673  -106.19365877   18.24552622   87.93180372
     -7.78923598   98.18326482   57.69145003   31.44340436  -60.57689641
    -11.13572588  118.03101457  175.20414693   80.37839749  -46.60436065
    -90.01493018 -182.71478838]
  [  11.51430196  145.49451909   80.77905833  122.5305006  -122.46589199
   -172.10371118  -81.26142267   25.84919304    0.91367921  -44.95713314
    -22.82172365 -129.03516605 -211.00058454 -265.66955197  145.86579922
    266.01564275  201.9277883 ]
  [ -68.70336567 -153.69954121 -575.28892239 -875.71922888 -154.71217646
   -576.1196661  -876.37288093  210.04493083  464.52800571  598.75273501
    682.79233526  413.6749577    79.77431681 -201.93366323  438.50906555
    114.11282615 -134.77565165]]]