[[[  17.56685635  -83.5910359  -144.36746178  -20.78891252   92.06492622
     29.61893703  114.19241339   54.0437132    35.9944487   -53.87707257
     -6.6987295   127.358732    184.3316694    86.33649169  -47.59770306
    -92.74337176 -180.70690307]
  [   7.59215937  136.7051533    61.87604791  113.83180119 -121.52081827
   -173.00179262  -67.82553094   29.44727773    5.42599344  -45.91750713
    -19.88543208 -120.90564672 -202.395823   -259.02960808  147.90248729
    270.27069236  198.36638712]
  [ -77.00857241 -167.22782935 -599.06817984 -893.41519866 -167.4651444
   -573.91597456 -885.37523407  207.48937913  470.01301002  608.13090952
    694.58697354  417.89199084   75.85122557 -182.71479847  443.73715281
    111.2967391  -115.0719431 ]]]