[[[  19.21095042  -65.00033637 -181.85076973  -54.76815484   86.8295604
     56.43687412  141.88672295   49.69726828   25.60592498  -58.79138198
    -18.31533593  119.56397025  210.57658536  116.8840988   -59.58527162
   -100.47560489 -190.66969542]
  [  13.12429799  136.87373949   53.84187694  113.95395215 -110.62511879
   -162.80129898  -40.75265356   29.91863814   -3.53147545  -59.67602185
    -35.61992336 -120.55573283 -189.61185601 -257.38826771  135.23426818
    267.05485701  196.19544236]
  [ -69.87471681 -143.6871521  -571.26096134 -876.38593789 -168.06582579
   -600.56277975 -885.26092541  209.85129308  461.46054724  595.16947831
    682.34446272  409.2221301    70.22595722 -189.0441156   437.01559408
    133.41812032 -118.51664035]]]