[[[  23.80785885  -84.97258454 -173.83016679  -59.08103431  104.40556231
    106.24200902  155.22025529   48.72174573    5.13095824  -58.29714182
    -11.42122989  133.15907945  226.77790543  133.62353391  -83.00543983
   -132.81816132 -223.29146604]
  [  16.69165637  128.46518113   33.7380696   104.38634606  -95.08183053
   -163.29762526  -28.88692156   37.70460568    0.98562651  -65.50379085
    -35.45362046 -106.02824704 -167.35979005 -247.45128067  130.16668518
    251.55309426  167.86893604]
  [ -77.84133081 -161.95372189 -563.38524879 -874.84247467 -185.68113657
   -565.40797119 -873.11775289  209.13018522  476.50798291  604.00546034
    700.87102806  424.61545456   81.32960445 -210.15424423  427.49164285
    115.62207501 -142.73157779]]]