[[[  21.81711536 -113.15954962  -93.67334735  -14.79559343  125.58666756
    102.40777748  156.12140307   43.48216977   20.45023577  -32.31016535
     11.03531743  155.9493363   206.61462979   36.80113275 -111.79216569
   -200.74050043 -139.47953406]
  [  25.64485959  108.40109133   17.60301303  127.14062813  -57.1113441
   -140.91524915   11.8949322    48.26672088    9.92754594  -71.35277246
    -26.67035575  -70.92048845 -136.17937348 -189.3647782   106.78941091
    162.97521335   23.77046352]
  [ -84.27188461 -173.12647254 -589.89774828 -900.8788772  -199.01177485
   -618.69104364 -903.52559209  204.78529105  455.42346989  611.87348793
    707.67360447  425.73480868   78.7419031  -115.56594972  451.9167426
    111.78508473 -114.58357544]]]