[[[  11.66626891 -120.46756216 -168.06661327  -68.22752206  118.24169861
    119.60473094  139.25012897   29.65582708    9.76851961  -52.1246777
    -30.63429988  119.1848902   242.33210618  222.98100464 -120.04060025
   -172.50842335 -220.3954513 ]
  [  14.18080213   94.39914304  -16.60324497   84.24586369  -66.03752783
   -160.31209129  -17.07179121   46.37160526    9.10568191  -74.28825165
    -33.86097996  -62.97181417  -88.06485145 -187.30834536  107.79285542
    214.1653735   120.35207872]
  [ -82.4894063  -185.00015787 -589.54010143 -885.08399824 -184.57053693
   -563.26219306 -871.95048745  208.87914288  480.01761091  610.89624852
    704.56793533  452.43785023   89.93775092 -174.08455114  429.4209618
    113.5775945  -173.60079048]]]