[[[  1.28329825e+01  -1.16299872e+02  -1.54386975e+02  -7.83203675e+01
     1.33180782e+02   1.40132203e+02   1.35300839e+02   1.99619019e+01
    -1.02980088e+01  -3.49838391e+01  -1.91600097e+01   1.31083585e+02
     2.54275959e+02   2.41704312e+02  -1.47101020e+02  -2.06921595e+02
    -2.46209360e+02]
  [  2.51535175e+01   7.14482661e+01  -6.08955437e+01   6.27945055e+01
    -2.11412246e+01  -1.47743143e+02   3.85744433e-01   5.76854083e+01
     1.28356432e+01  -8.19648916e+01  -3.70718093e+01  -2.25245727e+01
    -1.73252929e+01  -1.27904982e+02   7.70945261e+01   1.55861988e+02
     4.48567525e+01]
  [ -8.07870826e+01  -1.91887336e+02  -5.68944590e+02  -8.67570201e+02
    -1.68343093e+02  -5.67440076e+02  -8.63167576e+02   2.07903334e+02
     4.70484247e+02   6.04447093e+02   6.93701669e+02   4.43801774e+02
     1.05900117e+02  -1.83797707e+02   4.41799069e+02   1.01990915e+02
    -1.85431880e+02]]]