[[[  13.53197045 -121.54014162 -129.70780525  -54.14000329  124.50368864
    135.63528723  149.62819316   25.45997256   10.37765487  -42.92762992
    -27.62254624  123.11964772  247.16971784  231.27468894 -124.07369506
   -210.1032018  -259.0332953 ]
  [  15.22707791   76.95050934  -24.29767465   92.84593551  -46.49633514
   -143.75118186    6.20507772   46.59824824    8.73556506  -79.19208317
    -35.17509971  -45.03326628  -63.86172436 -172.74396544   88.9618846
    180.72068151   74.91284147]
  [ -76.38013047 -172.31126509 -581.63795127 -883.041481   -172.164998
   -580.88251668 -876.24766851  211.11612742  470.06159977  609.33865304
    718.29389448  443.50834175  104.64606162 -157.73266893  418.50358923
     99.61432973 -191.77508347]]]