[[[   2.39616517 -112.90230868  -90.90505902 -102.25167599  132.9229161
    172.52513047   97.53630326  -17.00358453   -8.50803994   24.99427136
     -1.89311161  127.58113749  217.01166799  226.68846083 -147.85252889
   -247.72497904 -266.94328571]
  [  13.23565316  -43.07715048 -157.6882444   -15.41950492   69.54845474
    -54.10503192   62.84028146   52.60145464   18.19579882  -72.0535208
    -25.7144698    88.34485139  169.22101784   69.63485453  -24.9839193
    -21.32077643 -128.21860633]
  [ -75.73766982 -176.80233971 -581.17027364 -870.11133026 -152.450918
   -579.28821762 -871.77009448  208.15947017  460.01921348  606.0959914
    705.81106901  433.76383219  122.72848372 -163.42672343  431.0116306
     91.63226505 -198.35208715]]]