[[[  5.33587114e-01  -1.30843411e+02  -7.88191794e+01  -9.65622250e+01
     1.40124681e+02   1.82340219e+02   1.04572089e+02  -1.82104001e+01
     4.76104828e-01   2.71737049e+01   8.01360377e+00   1.35595636e+02
     2.28082088e+02   2.36300464e+02  -1.65017378e+02  -2.68601527e+02
    -2.87651301e+02]
  [  2.00809051e+01  -3.96676789e+01  -1.67748124e+02  -2.58722455e+01
     7.98294994e+01  -5.74299449e+01   5.65390518e+01   5.62377551e+01
     1.91712596e+01  -7.20402210e+01  -2.63976166e+01   9.28697774e+01
     1.72613802e+02   7.10810537e+01  -2.48399334e+01  -2.07784202e+01
    -1.30435109e+02]
  [ -7.68510284e+01  -1.74185866e+02  -5.96330156e+02  -8.79489141e+02
    -1.49756266e+02  -5.68881910e+02  -8.72435292e+02   2.05989326e+02
     4.52358906e+02   5.99713172e+02   6.94160566e+02   4.26408489e+02
     1.22515265e+02  -1.26540130e+02   4.23598854e+02   9.06095482e+01
    -1.92752216e+02]]]