[[[   3.17907514 -104.42249191  -76.73299758  -94.74507817  138.92216812
    186.44634603  103.81381948  -24.51150903   -3.57592365   33.94659828
      6.02329781  130.55340169  191.74157157  236.86104977 -170.15392531
   -275.46558273 -260.19691382]
  [  12.50205049  -63.49561077 -178.3942592   -41.50382278   88.49973681
    -41.61804002   53.53382412   52.4973472    21.22332434  -65.1875199
    -21.45721453  112.52809816  212.54830459  115.74695681  -42.27491976
    -51.27026277 -158.70028435]
  [ -82.03427626 -184.79549259 -588.35923735 -877.37065856 -159.21884177
   -559.90379511 -870.9732041   204.92745007  458.67047894  608.10489986
    707.1008602   432.44330642  120.18300457 -137.90090342  429.33080474
     87.01823122 -205.60928291]]]