[[[ -16.05471695 -129.67771063 -104.33128864 -128.32757996  113.2938122
    159.92640126   75.27434408  -32.83440921  -20.35236939   39.47030054
     18.27147659  140.38657659  203.08179306  241.81393011 -159.02443903
   -258.28980961 -205.09837249]
  [  28.46546585  -46.20453856 -163.23964523  -16.70293661  103.1355068
    -24.06880728   78.88936031   54.86215271   10.47771981  -76.53781091
    -35.19011096  102.34106515  190.78233026   81.77502195  -54.15025949
    -75.41454863 -174.13780855]
  [ -78.32661585 -182.15174583 -585.64406825 -877.50092559 -157.61350906
   -557.99531537 -871.96438338  208.12579234  456.6070456   602.39710977
    703.06749734  429.9840151   118.94019316 -135.9999041   427.84938735
     85.84884944 -203.96341687]]]