[[[ -7.85191745e+00  -1.02836632e+02  -7.64984130e+01  -1.26470800e+02
     1.01981025e+02   1.46126577e+02   4.96762745e+01  -2.88199829e+01
    -9.26723263e-01   5.06727098e+01   1.16288954e+01   1.26780265e+02
     1.84883824e+02   2.28827239e+02  -1.35473518e+02  -2.67021757e+02
    -2.17470782e+02]
  [  1.34629242e+01  -7.68475414e+01  -1.56865021e+02  -1.98856085e+01
     1.03773407e+02   1.09573811e+01   1.12628543e+02   3.81582340e+01
    -3.78960648e-01  -7.82028201e+01  -4.18644953e+01   1.06459118e+02
     2.17771458e+02   1.31056986e+02  -7.87171846e+01  -1.02713901e+02
    -1.96840291e+02]
  [ -7.43523035e+01  -1.80394468e+02  -5.89748971e+02  -8.84051915e+02
    -1.55936266e+02  -5.88064864e+02  -8.85531201e+02   2.10619378e+02
     4.56320330e+02   6.03584442e+02   7.02121751e+02   4.31029735e+02
     1.49009168e+02  -1.33476023e+02   4.27592645e+02   8.94038650e+01
    -2.04040589e+02]]]