[[[ -11.03284696 -114.55619832  -89.95710057 -133.18058014  120.47947908
    136.32675269   48.38660976  -32.64579615  -10.08039965   51.75089067
     30.78580341  118.5561346   173.95159986  217.1780777  -145.51342834
   -245.76178327 -191.40893716]
  [  15.59879831  -73.47870192 -158.83843216  -18.62509469  104.67635432
      6.78262848  100.51236296   41.23183086    3.33876484  -74.89719113
    -36.6422882   109.78899308  215.4393272   120.21116106  -77.0819139
   -104.73274331 -195.33472606]
  [ -75.40068384 -182.93881559 -593.97805017 -883.77330225 -157.75473404
   -566.01023928 -879.39438496  210.93782558  460.74147831  607.27836241
    709.23079493  434.22867558  121.10156053 -138.09863361  432.16049619
     87.97758504 -206.52200689]]]