[[[  -8.4047354   -86.63350686  -96.46311311 -159.83269101  104.42816033
    118.47087978   12.30481236  -34.40624743  -18.77446518   62.56552905
     23.56571813  100.56426592  144.59417946  200.99857549 -118.59907189
   -214.53422858 -157.61739342]
  [   4.38418831 -103.9417637  -146.25132961  -18.6070945   112.71018647
     50.60816827  133.16556304   25.61287239   -5.56408511  -69.25937407
    -38.09005396  119.10943458  238.27433184  165.8749224  -108.38394063
   -162.24829321 -240.80949822]
  [ -69.65490135 -177.49223857 -592.99933744 -889.23377116 -153.01222998
   -591.32132562 -892.04214179  213.9136648   460.577242    607.77854525
    707.56757939  434.85755094  126.16538826 -133.36095792  432.09748951
     91.79593469 -201.2521132 ]]]