[[[ -1.00887553e+01  -7.37802895e+01  -1.17601039e+02  -1.77912867e+02
     8.79974359e+01   9.36794528e+01  -6.18693045e+00  -2.72671564e+01
     3.53595713e-02   6.77425135e+01   4.28997982e+01   1.16722344e+02
     1.67426845e+02   2.23692830e+02  -1.29616027e+02  -2.31641642e+02
    -1.79815067e+02]
  [  5.56974103e+00  -9.37280778e+01  -1.27733471e+02   5.60740041e+00
     1.04867584e+02   6.01215463e+01   1.56731268e+02   2.05034750e+01
    -1.84475246e+01  -8.61291879e+01  -5.77505580e+01   9.83452456e+01
     2.23182928e+02   1.53924969e+02  -1.08769432e+02  -1.48774171e+02
    -2.37609997e+02]
  [ -6.22207418e+01  -1.73051940e+02  -5.91520065e+02  -8.81516430e+02
    -1.48175048e+02  -5.89564653e+02  -8.84469071e+02   2.16951833e+02
     4.60229158e+02   5.96440010e+02   6.82047079e+02   4.35815118e+02
     1.55372888e+02  -1.61856289e+02   4.32461031e+02   9.64139181e+01
    -2.00204766e+02]]]