[[[  -8.82271485  -81.98733095 -132.69632189 -206.6235811   101.71116386
     74.30111273  -34.25407353  -26.17300009   17.20696879   73.26407399
     32.8483006   102.55196061  148.68814247  205.936535   -109.06094137
   -206.67224275 -152.827347  ]
  [  -3.64294602 -106.85836503 -119.411871      9.39843313   99.57251221
     70.00189521  165.40463294   12.29653471  -18.49990919  -80.03015425
    -51.4520809   102.29949448  226.6422616   165.15610124 -116.74184004
   -172.01331587 -250.96546593]
  [ -60.861289   -160.1335009  -607.2117155  -892.83688001 -159.36542017
   -606.75851314 -897.24876772  217.62239318  448.48620539  599.3299939
    692.9063021   423.13930947  142.14646303 -145.6022506   444.75300121
    112.65527694 -179.52709913]]]