[[[  29.50683084  -96.89819334 -117.17088929  -25.46114461  133.5283289
     72.30456463  133.11894704   50.10262038   28.13975013  -42.43329337
    -10.76868536  159.84279211  212.69647222   48.04779379 -125.51662402
   -181.43206825 -122.7732416 ]
  [  32.46846715  126.56317297   14.4520639   107.49124714  -61.62620739
   -164.75868538  -21.48596256   53.13013643   12.7572488   -66.87859726
    -24.08152499  -77.76229108 -141.52378179 -188.13872003  120.90633394
    186.59663709   47.2555296 ]
  [ -86.93172263 -174.37724699 -574.48555172 -891.76659288 -198.77279134
   -601.68031562 -894.48381972  203.48986489  461.96278539  609.23046809
    707.68273373  432.68495904   70.2507924  -120.09662144  434.16721586
     98.84329268 -120.31187856]]]