[[[ -16.88938663  -99.38266189 -115.79106363 -193.30300736   90.72441451
     62.38701296  -41.0159004   -28.12827775    6.44563705   70.56127352
     44.58235676  123.35735499  176.60894814  231.79151776 -123.99382402
   -224.81649195 -171.9132006 ]
  [   4.76360923  -93.57246704 -123.87226185    9.74041515  103.09970589
     67.84197252  174.39947875   17.07261988  -20.33161578  -88.42688767
    -58.2575539    96.00011944  218.22952196  146.83898235 -110.71372614
   -162.958072   -247.88439068]
  [ -65.3239228  -166.42093839 -614.4089336  -901.51982316 -165.465372
   -614.20038512 -906.01408845  216.52984754  445.88153313  598.70487624
    691.32801029  420.81799997  164.96721907 -148.51493729  442.26953944
    111.19763281 -152.69720728]]]