[[[  6.73870947e+00  -8.80674662e+01  -6.38565708e+01  -8.23640010e+01
     1.18885586e+02   8.49973163e+01  -6.22761688e+01  -1.34953926e+01
     1.22141141e+01   5.93074915e+01   2.35021403e+01   1.46517814e+02
     2.09767679e+02   2.64420140e+02  -1.24287163e+02  -2.62681130e+02
    -1.76772290e+02]
  [ -1.23678620e-01  -8.23897462e+01  -1.53841061e+02  -1.00928645e+01
     8.21424012e+01   3.16646447e+01   1.60110024e+02   3.09823137e+01
     8.77116483e+00  -6.97504656e+01  -3.00940670e+01   1.06434089e+02
     2.06327341e+02   1.14927591e+02  -6.40539916e+01  -1.10030854e+02
    -2.05879021e+02]
  [ -1.06528333e+02  -1.17073139e+02  -5.68374325e+02  -7.71938500e+02
    -1.16838552e+02  -5.71687282e+02  -7.70145805e+02   1.86188074e+02
     5.38644511e+02   5.97047966e+02   7.76727507e+02   5.13028089e+02
     2.23117146e+02  -7.66828018e+01   5.13498031e+02   1.98327932e+02
    -3.59783813e+01]]]