[[[   1.72454632 -101.36609866  -44.71804493  -57.24116657  113.82199394
     43.45033254  -44.71035132  -22.72422183    3.68035204   53.54103126
     44.40491923  143.01811311  208.95876619  305.282652   -140.12562844
   -283.88646075 -190.56937841]
  [   4.48992429  -82.9997011  -164.56608987  -39.68531481   91.97948081
     37.40985748  150.71641673   37.44590569   26.35817171  -57.95495395
    -12.17372951  128.0900319   235.5752047   132.24222304  -51.94926514
   -154.108931   -270.84062162]
  [-132.16055169 -149.60858436 -585.35469579 -830.24662076 -148.72527623
   -589.46697541 -831.32546133  170.85364239  533.38707261  599.09008046
    780.9011449   505.88779763  203.1135411  -102.63451775  510.93528131
    204.60847209  248.41777449]]]