[[[  -1.63196235 -106.30771066  -26.24026524 -139.38866835  101.69482818
     26.51254994  -62.65667591  -24.28866323   -4.82547077   41.30114843
     31.07138569  129.59045002  194.00317726  325.38023139 -144.82133267
   -289.08275984 -236.97508321]
  [ -11.8645806   -97.91950584 -142.57323141   -9.62426198   74.19020319
     45.41846731  181.85530483   18.42957126   17.19850466  -62.73924791
    -15.99663211  114.77845801  227.78323163  135.38013385  -57.3119447
   -173.73064711 -300.80019118]
  [-104.23618299 -209.58903611 -685.74570855 -946.65003105 -209.61561525
   -689.25889071 -956.70028746  183.17178656  419.6444781   592.53850647
    683.10473453  391.55011907  119.80188408 -177.0330086   399.1471273
    161.17518804  279.90743731]]]