[[[ -1.97841048e+01  -1.35495055e+02  -5.16871167e+01  -1.52108580e+02
     8.12244033e+01   4.43957592e+01  -4.65046989e+01  -3.12297354e+01
     1.15475464e+01   4.93996243e+01   4.97845866e+01   1.49729478e+02
     2.14584628e+02   3.05593882e+02  -1.33559231e+02  -3.12807735e+02
    -2.23311147e+02]
  [  3.06370872e+00  -7.62010057e+01  -1.47439873e+02   8.24647315e-03
     8.23282835e+01   3.00370075e+01   1.71537171e+02   2.91478383e+01
     2.08764263e+01  -6.60838474e+01  -1.68360250e+01   1.13288988e+02
     2.14605707e+02   1.01189752e+02  -4.72362101e+01  -1.74939297e+02
    -2.94894977e+02]
  [ -1.16337239e+02  -2.30569807e+02  -6.77128688e+02  -9.45541359e+02
    -2.32204490e+02  -6.82248615e+02  -9.58945134e+02   1.78107360e+02
     4.31879936e+02   5.89368097e+02   6.72561890e+02   3.76085933e+02
     9.69940608e+01  -2.02480983e+02   4.13597568e+02   1.80250341e+02
     3.44771980e+02]]]