[[[   1.84507253 -103.74893279  -21.58443894 -140.18304038  107.6454512
     32.35496036  -47.06528417  -19.33891213    4.58625109   39.14359198
     38.08202998  136.95653571  195.13706129  284.30559742 -134.4869438
   -311.28823012 -227.95934133]
  [ -20.80732046  -93.61258748 -130.10151497    4.22050114   51.99779136
     31.6969602   175.57170364   15.15945291   28.38479156  -52.35743489
     -2.2168173   110.07439007  208.06499831  102.64945354  -33.52030613
   -161.66887687 -281.13046651]
  [ -94.08985713 -171.3031501  -699.55643648 -929.21387051 -202.14644511
   -677.38177635 -933.28520614  175.65313184  406.40300735  563.61341111
    637.37849235  351.56287488   53.56690494 -211.38440978  390.65076283
    203.31595966  396.27554556]]]