[[[  4.14602416e+00  -9.75523676e+01  -1.63286193e+01  -1.48441462e+02
     1.04051632e+02   3.02212976e+01  -8.43524238e+01  -2.79053523e+01
    -4.87102464e-01   3.73197658e+01   3.41801538e+01   9.70388239e+01
     1.52207542e+02   2.79119863e+02  -1.39995926e+02  -2.67351834e+02
    -1.75103464e+02]
  [ -2.17167553e+01  -1.12740146e+02  -1.47800478e+02  -2.11968537e+01
     6.93063817e+01   4.84950931e+01   1.74187320e+02   1.41745011e+01
     4.12848785e+01  -3.89997106e+01   9.80583118e+00   1.39414840e+02
     2.46567956e+02   1.50157403e+02  -4.58899926e+01  -2.37714193e+02
    -3.41828835e+02]
  [ -1.28630903e+02  -2.45598840e+02  -7.11888806e+02  -9.45807125e+02
    -2.47432530e+02  -7.18337595e+02  -9.61555682e+02   1.57294599e+02
     3.96498372e+02   5.67019262e+02   6.28985886e+02   3.65578736e+02
     7.43951411e+01  -2.15109737e+02   3.82796142e+02   2.63887676e+02
     5.40609810e+02]]]