[[[  -2.8240144   -95.842425     -6.89646147 -140.63217328   78.17062872
     77.70178672  -52.66395302  -35.19789859  -25.52432787   38.92555264
     39.9633908   102.04731212  157.35545981  246.80252219 -136.62316512
   -262.93036097 -174.22435983]
  [ -16.85841012 -112.64736359 -163.03322834  -33.08743013   78.93028772
     37.20273498  153.74092152   22.28244214   50.82786284  -30.89740816
     19.58477447  152.09455793  249.44748407  144.06796799  -42.155156
   -242.97378455 -331.89878881]
  [-134.78980455 -253.89223441 -720.53568482 -959.70882763 -256.95585595
   -727.10008306 -974.827154    159.13324124  419.34058792  577.83309764
    629.34761122  362.19791094   66.65774742 -224.98040776  405.90163584
    287.41103632  535.10163725]]]