[[[   1.29801902 -104.08364066  -22.80541779 -154.0350724    94.93881279
     96.02167022  -34.72609568  -31.36520551   -8.6720322    36.20116601
     26.28604115  115.13512125  139.6658579   221.20253351 -144.78604545
   -266.27300143 -146.6298992 ]
  [ -16.89589237 -108.87795292 -151.80739929  -16.34513622   75.08590449
     32.78982829  157.05140015   19.35077763   43.25888623  -39.25387778
      8.285472    143.42754888  250.79625377  146.17365608  -45.9563607
   -240.02448592 -319.11303414]
  [-126.9640478  -241.18966044 -723.95026786 -955.59424335 -243.79415062
   -729.61173989 -969.8330907   160.43695277  409.85158455  567.28522458
    612.57983269  355.54104846   96.53964934 -211.38753265  395.50416039
    280.05963633  519.33555912]]]