[[[   1.18153663  -93.70381649  -33.35806227 -126.87497017   88.95818211
    165.33309056   40.6417116   -40.29374053  -26.66745333   18.71740024
      7.57336321  105.64596486  168.06980376  253.91759771 -169.56786314
   -295.83117342 -170.3696335 ]
  [ -10.36660463 -100.74471552 -172.32549336  -25.34269807   80.01123908
      2.8836885   119.21715661   36.73613388   62.47312564  -25.82100553
     26.3896092   159.98086094  256.78863876  135.97045779  -24.84917129
   -231.12421965 -324.62232134]
  [-146.33045074 -274.38619436 -705.80409511 -949.62006734 -252.02380143
   -709.73048327 -962.70736522  149.71268494  400.83311267  574.99355151
    635.85770778  369.59029539   76.68046581 -211.11177817  384.96574671
    263.5619722   544.68534466]]]