[[[   3.57548895 -103.36131634  -48.35488753 -143.10002795  105.37266329
    183.1824818    54.38465721  -38.06889957  -36.65584597   24.09363796
     26.73775851   92.35009767  148.79924606  231.6945482  -148.11933504
   -270.90450213 -180.74090847]
  [ -13.43895449 -102.72955368 -167.7742262   -13.15824321   75.85141196
     -3.88370025  108.34045138   34.17615312   59.60529678  -27.45473816
     24.22935806  157.47092952  259.41221251  146.32923662  -27.52281853
   -225.37840211 -316.37161063]
  [-141.37191576 -269.74138301 -724.98734388 -955.52526341 -247.87689198
   -701.18632662 -961.67031934  154.21649457  419.50541323  576.79752259
    626.88555924  364.27727216   73.09998034 -210.53316302  403.67286383
    257.5888775   529.90435058]]]