[[[  12.30864353 -115.72005708  -23.75928551 -101.89559211  134.44205935
    181.34711527   68.23964479  -33.72374027  -17.92984401   17.64809293
     15.39745864  118.4711942   147.99099972  226.96728879 -164.87527893
   -296.56733624 -205.76431418]
  [ -17.60123122  -99.03638127 -185.1770381   -32.81115369   63.83368485
    -34.42285758   81.4417814    41.98776953   74.73922271  -18.16682024
     41.43828794  165.4473244   263.77256559  145.44051812   -4.81760746
   -200.61223393 -296.98883623]
  [-164.52321768 -305.77735652 -711.75141548 -959.09108831 -283.2692892
   -716.34996282 -974.79512895  143.83021988  413.28037955  592.50254741
    654.07851922  380.77163056   81.23426932 -210.63268687  397.26453844
    274.15461524  561.14447137]]]