[[[  10.94098388  -99.69811661  -42.16404594 -117.89017259  117.23077054
    196.36055024   73.44352578  -32.45870165  -31.41686661   20.64785757
     32.00523665  102.79895061  162.94509387  245.70637601 -147.60710987
   -311.71827982 -224.44255904]
  [ -19.6061585  -101.62989945 -176.93849848  -24.97520788   62.41733068
    -27.27508294   88.90920147   39.07478675   71.83264233  -18.93720031
     36.63131733  162.58097959  265.67190956  150.51564966   -6.39762394
   -205.5043248  -310.33545956]
  [-157.33040773 -279.14759326 -708.27226633 -948.3694379  -282.06381789
   -713.06133311 -962.84611407  143.08210969  401.7691285   576.61573296
    638.28150293  369.97774832   75.70103514 -212.68000156  386.84425482
    269.02698488  582.58440346]]]