[[[  10.67775649 -106.92286115  -51.81668358 -122.38212794  114.47935691
    189.54504652   73.25527803  -28.43132601   -3.87400168   22.13112149
     29.44024855  132.71854835  164.4318432   240.7313415  -151.81004039
   -321.20741944 -235.71537878]
  [ -22.3892603   -94.19753578 -171.46052052   -9.58800964   49.41877724
    -41.64134346   85.01465597   39.15237967   73.96993491  -20.44999041
     38.67791439  155.32736491  251.56155911  135.84344995    5.85831817
   -191.75954655 -296.19970808]
  [-169.23700738 -315.5732839  -720.97290394 -957.40376315 -294.10734388
   -726.01936731 -973.92477045  138.51109855  398.00159419  581.92895935
    636.22972444  365.56881002   96.77339803 -221.09748734  408.61122202
    297.41335947  616.39795784]]]