[[[   1.71867478 -123.88872002  -67.04999202 -122.6111034   125.23659048
    204.58655135   83.77316758  -35.76922132  -18.11367228   25.87903443
     44.31917802  116.30791848  176.34189824  255.0466361  -164.0727063
   -304.19337509 -244.52030695]
  [ -15.29958881  -91.55103316 -187.94116425  -29.45442749   60.95165127
    -46.19894702   73.3934743    48.14542696   80.78632731  -13.42703415
     47.1118743   166.95171801  255.55334526  131.44621883    5.55067572
   -196.13499053 -303.39468416]
  [-163.32097469 -299.94014426 -693.88738495 -955.58134715 -280.28475901
   -726.86091716 -980.36892472  145.63624355  421.71542999  591.33962435
    656.13390893  363.56889559   42.49586638 -211.88377015  407.46231287
    289.52635932  566.18768427]]]