[[[  1.13901918e+01  -1.14350977e+02  -9.91485220e+01  -9.43049692e+01
     1.48738804e+02   1.80638168e+02   1.22410971e+02  -8.98282701e+00
     4.07108409e+00   6.80801050e+00   2.94068404e+01   1.77234971e+02
     2.42510868e+02   2.71011054e+02  -1.47662441e+02  -3.67690751e+02
    -3.24759098e+02]
  [ -2.60350356e+01  -4.57149402e+01  -1.57168130e+02   9.37847287e-01
    -6.35522896e+00  -1.21934914e+02   2.65084671e+01   5.83812205e+01
     9.23106914e+01  -5.40154802e+00   6.35266443e+01   1.19012671e+02
     1.58018416e+02   2.46300858e+01   8.00809507e+01  -5.78493618e+01
    -1.98309476e+02]
  [ -1.61177314e+02  -2.91981266e+02  -6.85227736e+02  -9.43876071e+02
    -2.70340614e+02  -7.17066454e+02  -9.66290305e+02   1.43295371e+02
     4.09134517e+02   5.94780062e+02   6.69174199e+02   3.75865126e+02
     5.33502744e+01  -2.33230872e+02   3.92785593e+02   2.71420238e+02
     5.48967292e+02]]]