[[[   8.34988576 -108.14681875 -133.27201983  -90.68345215  152.39358244
    143.89901247  132.70743443    6.57476582   18.67700953   -3.29552948
     11.03644755  190.04594014  298.37117454  328.46762174 -132.88832708
   -364.37553981 -404.20808295]
  [ -23.86629397   -3.8433677  -105.16227557   51.42495423  -43.88921697
   -138.72244528   25.11265585   52.37421044   70.68538151  -21.59573701
     42.49343407   61.13473293   81.07919592  -51.41554809  101.95524823
     24.76510499 -122.53003355]
  [-147.69812034 -262.39585718 -688.82857744 -954.19915343 -264.11329945
   -720.25120322 -974.85631434  155.74375583  416.15638534  600.90469341
    677.61480858  384.42138618   62.1287793  -233.59625367  398.27475676
    270.28027028  477.99709428]]]