[[[  1.54369482e+00  -1.23197563e+02  -1.52316266e+02  -9.60975893e+01
     1.38092797e+02   1.25564042e+02   1.22539882e+02   7.86726683e+00
     3.81248019e+01  -1.46732149e-01   3.12077344e+01   1.81207788e+02
     3.21768784e+02   3.54410077e+02  -1.42867719e+02  -3.48245714e+02
    -4.23748763e+02]
  [ -2.59729528e+01   5.04828019e+00  -1.05668711e+02   4.67990702e+01
    -5.69941585e+01  -1.56979971e+02   1.72835792e+00   5.47940800e+01
     7.48092672e+01  -1.63294430e+01   4.88859951e+01   5.65247711e+01
     7.10633946e+01  -6.70611068e+01   1.15399712e+02   4.92905353e+01
    -9.64581347e+01]
  [ -1.56837066e+02  -2.88564547e+02  -6.88585273e+02  -9.57089655e+02
    -2.66718439e+02  -7.20053410e+02  -9.79592224e+02   1.52314350e+02
     4.20502256e+02   6.07730044e+02   6.84261574e+02   3.88027959e+02
     6.55053371e+01  -2.30819890e+02   4.02917459e+02   2.74016912e+02
     4.82441258e+02]]]