[[[ -7.65738271e-01  -1.27467415e+02  -1.56342492e+02  -1.02048993e+02
     1.35639809e+02   1.22446034e+02   1.17544971e+02   6.25178266e+00
     3.51588750e+01   1.90409942e+00   2.89553155e+01   2.07911253e+02
     3.22468354e+02   3.88806487e+02  -1.46610195e+02  -3.83174560e+02
    -4.27791466e+02]
  [ -1.97940784e+01   1.02160186e+01  -1.12488465e+02   3.50166206e+01
    -4.98041508e+01  -1.65338244e+02  -1.33700459e+01   5.84773978e+01
     7.44993804e+01  -1.87510530e+01   4.55520626e+01   5.88075817e+01
     7.46635039e+01  -6.46555157e+01   1.14904042e+02   5.81539930e+01
    -8.68075634e+01]
  [ -1.55194580e+02  -2.83709276e+02  -6.79073565e+02  -9.56930255e+02
    -2.62311201e+02  -7.10771720e+02  -9.78351499e+02   1.54519650e+02
     4.20941006e+02   6.08336145e+02   6.83560463e+02   3.88184841e+02
     6.76045942e+01  -2.26643449e+02   4.03385842e+02   2.73762754e+02
     4.45705217e+02]]]