[[[ -5.91663683e-01  -1.25754526e+02  -1.54059604e+02  -1.03137825e+02
     1.33946187e+02   1.21191224e+02   1.17784883e+02   6.50813877e+00
     3.39217156e+01   2.04985876e-01   2.76553708e+01   2.04519035e+02
     3.18024890e+02   3.83545005e+02  -1.45126406e+02  -3.76549398e+02
    -4.21313494e+02]
  [ -1.56943598e+01   1.38815873e+01  -1.03458811e+02   4.43698971e+01
    -4.52702824e+01  -1.57462307e+02  -3.12056164e+00   5.66797263e+01
     6.77376572e+01  -2.40935815e+01   3.79638824e+01   5.29716143e+01
     7.14553185e+01  -6.79571627e+01   1.08419023e+02   5.50761114e+01
    -9.21497857e+01]
  [ -1.44057997e+02  -2.52608042e+02  -6.69828448e+02  -9.44479431e+02
    -2.55399938e+02  -7.01338623e+02  -9.65183878e+02   1.57342358e+02
     4.15107010e+02   5.97518124e+02   6.73395606e+02   3.83248191e+02
     6.55794516e+01  -2.23961604e+02   3.97216759e+02   2.41099264e+02
     4.36847560e+02]]]