[[[   2.03349523 -119.28944344 -144.3103561  -102.47505982  144.18110481
    134.66968473  116.93406861    4.58911187   40.65830059    5.28203263
     35.85906246  184.42637228  294.07786567  360.53501692 -141.44295096
   -372.80258114 -416.56207583]
  [ -22.92888266   -5.83457407 -120.94935423   29.39401742  -40.02318783
   -151.39072147    6.47284058   56.55770741   73.91132775  -20.53641295
     44.96927238   68.9436933    92.62430561  -43.97133825  102.07133348
     40.35621719 -109.66624363]
  [-150.90828716 -255.44791833 -677.99636209 -954.24411777 -282.25560408
   -710.57903974 -974.62815672  158.23415157  428.25442854  612.52712301
    691.94201213  395.60880647   71.10504651 -223.05795564  409.85266845
    249.3642669   416.55054778]]]