[[[ -3.76357003e-01  -1.41308289e+02  -1.72433282e+02  -1.13500248e+02
     1.49748299e+02   1.40051175e+02   1.21019920e+02   8.82863487e+00
     5.02516852e+01   8.11261945e+00   4.56669096e+01   1.93420739e+02
     3.00942137e+02   3.25312607e+02  -1.30637236e+02  -3.60610957e+02
    -4.00403788e+02]
  [ -7.57565132e+00   1.89871048e+01  -1.16164098e+02   3.13045776e+01
    -3.41383852e+01  -1.61687060e+02  -1.18257437e+00   6.63466882e+01
     7.41048181e+01  -2.14353750e+01   4.18499712e+01   5.90475010e+01
     6.15236277e+01  -7.52196196e+01   1.11150702e+02   5.10728393e+01
    -9.87412064e+01]
  [ -1.50484647e+02  -2.52750814e+02  -6.69357474e+02  -9.49513278e+02
    -2.79806763e+02  -7.02126253e+02  -9.70639087e+02   1.58200334e+02
     4.24862140e+02   6.07334622e+02   6.85898161e+02   3.91609302e+02
     6.85186699e+01  -2.20000359e+02   4.06612592e+02   2.45909085e+02
     4.12436440e+02]]]