[[[   2.44252247 -120.50118556 -146.58155533 -102.70185465  143.91518916
    134.78653745  119.83308699    4.42746988   37.79197914    4.4607966
     32.52813525  179.08476185  280.86564076  309.74552592 -141.77829064
   -336.80797928 -373.04875873]
  [ -13.93112997    4.75740306 -108.47334511   47.35252307  -32.61966076
   -138.11473792   23.14754706   56.82239572   64.66756594  -29.13277092
     33.99387562   58.14412573   84.11912086  -50.68445899   93.22257589
     26.03053912 -119.30156838]
  [-136.67132683 -246.22799414 -669.02683033 -940.66421968 -248.73323599
   -700.95135276 -962.22268268  164.76681402  427.10109662  604.84526271
    686.86157831  393.88158631   40.72998174 -256.16548645  408.97511311
    246.65163734  414.92200525]]]