[[[  24.93817653  -92.43455783 -178.17841848  -74.93492993  117.23094138
     80.51555524  112.22055641   50.33420899   41.11400476  -30.10214955
      3.43093626  175.14073094  222.78906933   61.43065163 -116.51076392
   -204.01696561 -110.51118372]
  [  34.09036994  123.50350109  -18.56764904   72.73348068  -55.32277113
   -182.360949    -41.43424106   68.12383632   32.25150067  -52.28811115
     -5.71503683  -54.66292136 -127.15336879 -175.07216712  133.82947287
    185.51465297   38.83146416]
  [ -99.72130474 -200.66223607 -595.3712504  -895.178408   -200.7499179
   -570.72036064 -884.4252795   196.12760723  464.08237882  613.35703731
    711.26738213  434.1522784    72.38641887 -116.27122624  435.89316991
    101.32631154 -115.78771405]]]