[[[  1.91645806e-01  -1.32427367e+02  -1.61829292e+02  -1.07789710e+02
     1.34975659e+02   1.56413899e+02   1.27902356e+02   8.50451934e+00
     3.15972787e+01   1.08883772e+01   5.61420686e+01   2.03088910e+02
     2.75345422e+02   2.96747144e+02  -1.21013099e+02  -3.49791856e+02
    -3.89248768e+02]
  [ -9.56038004e+00   1.47807596e+01  -1.11453084e+02   4.38181584e+01
    -3.39014987e+01  -1.55979202e+02   5.16183358e+00   6.49581448e+01
     7.14047701e+01  -2.44154006e+01   3.96282134e+01   5.59600095e+01
     5.70715602e+01  -7.75982432e+01   1.07170047e+02   5.01959763e+01
    -9.84879667e+01]
  [ -1.48814035e+02  -2.65655641e+02  -6.88340169e+02  -9.59365769e+02
    -2.68330170e+02  -6.93311180e+02  -9.71518025e+02   1.63287774e+02
     4.42086322e+02   6.18038190e+02   7.04989819e+02   3.83466573e+02
     5.23073154e+01  -2.41230913e+02   4.24040771e+02   2.61089859e+02
     3.98052852e+02]]]