[[[  -2.67939726 -142.75225376 -128.72907271 -112.63226707  127.74471692
    193.32182888  120.79629003  -10.31079578   17.16362159   18.7011985
     45.89393196  194.33561228  258.45136736  248.35848708 -138.44925503
   -360.65959709 -314.67938748]
  [  -1.56550985  -17.15577834 -163.48031721   -6.92979018   14.02469685
   -135.50302565   14.13743966   73.09177548   85.21474683  -17.47287969
     49.06651908  109.18967437  136.02561435   -1.96586854   77.75785433
    -37.5376451  -175.59775296]
  [-155.33312592 -271.42032231 -663.97124265 -943.92575638 -275.498301
   -697.6442684  -965.43795358  156.5165462   415.38263838  609.09042962
    703.4484087   379.99987703   46.42552366 -246.21480463  422.38128355
    262.038934    434.51927761]]]