[[[ -2.13530744e+00  -1.38148377e+02  -1.22309071e+02  -1.17512382e+02
     1.28528285e+02   1.95384677e+02   1.19118069e+02  -1.51495822e+01
     1.80210170e+01   1.84404526e+01   4.66406416e+01   1.92292044e+02
     2.56403130e+02   2.48393305e+02  -1.64556843e+02  -3.55170285e+02
    -3.05478524e+02]
  [ -4.75833936e+00  -2.81042061e+01  -1.62206968e+02   6.86797813e-01
     1.85874447e+01  -1.20252643e+02   2.52462675e+01   6.85054337e+01
     8.67178124e+01  -1.54358213e+01   5.12331327e+01   1.18630760e+02
     1.51973763e+02   1.44473045e+01   6.96388378e+01  -7.19339554e+01
    -2.02632450e+02]
  [ -1.57129790e+02  -2.73110597e+02  -6.90840235e+02  -9.53508791e+02
    -2.76786418e+02  -6.96677663e+02  -9.68215623e+02   1.52346160e+02
     4.05320655e+02   6.01355340e+02   6.89540040e+02   3.69926387e+02
     4.20616841e+01  -2.46630728e+02   4.13357135e+02   2.87458704e+02
     4.96048763e+02]]]