[[[   1.9553924  -127.28117978 -111.49106841 -114.75965677  134.37810959
    167.80111987  100.38587886  -18.4397954    21.45161094    8.78903436
     19.17634877  164.50871135  230.91217511  254.12714041 -158.23990815
   -340.97538622 -254.36767349]
  [ -20.3149392   -45.11244573 -155.02379793    7.87012066    4.48244048
   -108.99973098   37.46150549   59.69089866   93.41145631   -5.81902528
     63.82034125  126.85257559  167.77803686   30.18585069   69.53968977
   -102.93139134 -226.2971688 ]
  [-167.65988638 -293.34848714 -683.99294948 -942.12493784 -297.53118971
   -717.72818005 -967.26929815  140.37378709  408.87669994  594.81511227
    668.74385594  374.02552007   50.41609153 -266.95486108  394.09930563
    302.46789269  587.14795774]]]