[[[  2.34123059e+01  -9.08890472e+01  -1.80196521e+02  -7.14880308e+01
     1.09996470e+02   7.30049194e+01   1.19973357e+02   5.48920731e+01
     3.93841210e+01  -3.85826383e+01  -2.59266247e-01   1.69200288e+02
     2.16863982e+02   5.71193013e+01  -1.12423353e+02  -1.68665332e+02
    -1.13135561e+02]
  [  2.66936309e+01   1.31508831e+02   6.41472536e+00   8.35785594e+01
    -7.81215620e+01  -1.80669141e+02  -3.90643563e+01   5.64239485e+01
     2.37592420e+01  -5.37199350e+01  -1.17842488e+01  -7.90417973e+01
    -1.58084873e+02  -1.97756352e+02   1.42472491e+02   2.17810240e+02
     8.08378505e+01]
  [ -1.02414226e+02  -1.96746119e+02  -5.91751356e+02  -9.04729695e+02
    -2.20244513e+02  -5.93790353e+02  -9.01021641e+02   1.97455287e+02
     4.68632296e+02   6.19655921e+02   7.16050023e+02   4.38606324e+02
     7.86410818e+01  -1.09365849e+02   4.40713538e+02   1.07471496e+02
    -1.10352117e+02]]]