[[[ -4.68695952e-01  -1.29853403e+02  -1.15242164e+02  -1.09905251e+02
     1.31050764e+02   1.62290579e+02   1.06661505e+02  -1.57433657e+01
     2.05811219e+01   6.48747747e+00   1.74221834e+01   1.63435084e+02
     2.53848499e+02   2.47829716e+02  -1.57691019e+02  -3.39476725e+02
    -2.54194637e+02]
  [ -8.63664652e+00  -2.50931174e+01  -1.48553339e+02   1.39619200e+01
     7.81972758e+00  -1.14616720e+02   3.44988203e+01   6.53687272e+01
     8.79628659e+01  -1.06864512e+01   5.73785203e+01   1.13120985e+02
     1.43341161e+02   2.05610059e-01   7.43897844e+01  -8.12915325e+01
    -2.10782042e+02]
  [ -1.54394888e+02  -2.81122598e+02  -6.68055743e+02  -9.29495374e+02
    -2.60988865e+02  -7.00140978e+02  -9.53325345e+02   1.45997412e+02
     4.08012982e+02   5.87861976e+02   6.63910257e+02   3.73728947e+02
     2.66418676e+01  -2.59258662e+02   3.92116766e+02   2.69633591e+02
     5.46642522e+02]]]