[[[  -1.87729208 -131.87668358 -115.35546786 -119.8316238   131.9997098
    166.75010546  100.90970941  -19.39664072   19.72270366   13.64452554
     19.11063834  163.98395939  255.99079872  254.36309911 -161.277182
   -345.07274721 -258.33893384]
  [  -5.58391014  -34.32371567 -153.84025186   10.48243699   23.15578504
    -93.51611903   54.82239718   61.21594677   78.01534953  -22.36462676
     41.99782931  117.07599909  162.44268653   22.40315752   53.21901427
    -98.16491404 -221.13431164]
  [-147.72498154 -276.53426981 -671.94970533 -941.11224963 -255.76607207
   -704.60229279 -964.85108306  155.19782987  422.00206299  594.175767
    657.36872878  387.70454603   36.87585205 -256.45031286  405.79406762
    278.70188544  488.35147755]]]