[[[  5.46358185e-01  -1.31599787e+02  -1.17699877e+02  -1.13634346e+02
     1.33632646e+02   1.66089722e+02   1.08703545e+02  -1.46308811e+01
     1.92775927e+01   6.53342315e+00   1.70465071e+01   1.65178401e+02
     2.61406328e+02   2.55089810e+02  -1.61910324e+02  -3.46084951e+02
    -2.60426069e+02]
  [ -6.65201597e+00  -2.62069103e+01  -1.45480475e+02   2.09192624e+01
     1.29027888e+01  -1.06700475e+02   4.74220761e+01   6.31767249e+01
     7.93163097e+01  -2.03209923e+01   4.51054052e+01   1.08475815e+02
     1.40482133e+02   4.27863637e-01   6.50732516e+01  -7.46607411e+01
    -2.04831293e+02]
  [ -1.51142424e+02  -2.81400945e+02  -6.78845004e+02  -9.45177951e+02
    -2.59923322e+02  -7.10555447e+02  -9.67241313e+02   1.52523348e+02
     4.21042803e+02   5.94642134e+02   6.57479954e+02   3.88335891e+02
     6.53339694e+01  -2.22276969e+02   4.03223808e+02   2.47742863e+02
     4.86076205e+02]]]