[[[ -8.15337509e-01  -1.35445373e+02  -1.22352910e+02  -1.17083393e+02
     1.31560290e+02   1.63972505e+02   1.09072828e+02  -1.59116699e+01
     1.55887170e+01   2.53795409e+00   1.27940602e+01   1.62721378e+02
     2.63586657e+02   2.94975626e+02  -1.66766699e+02  -3.52595001e+02
    -2.68039249e+02]
  [ -7.38124512e+00  -2.58560234e+01  -1.43115854e+02   2.26533871e+01
     1.10934418e+01  -1.08561800e+02   4.39321533e+01   6.24634553e+01
     7.98408326e+01  -1.86089066e+01   4.64071218e+01   1.09100830e+02
     1.44300246e+02   2.60493384e+00   6.64684347e+01  -7.57548175e+01
    -2.12345195e+02]
  [ -1.50841958e+02  -2.75701041e+02  -6.74542324e+02  -9.38712567e+02
    -2.53968306e+02  -7.06301623e+02  -9.60388800e+02   1.49321107e+02
     4.04709383e+02   5.87477774e+02   6.66704110e+02   3.72987106e+02
     7.52770655e+01  -2.12157680e+02   3.86721563e+02   2.30113340e+02
     5.01117009e+02]]]