[[[  26.32072993  -98.00699021 -184.91213226  -81.43522501  137.22590194
     72.38374958  111.32454501   51.45649808   34.93961561  -25.77292062
     25.42239859  167.60917157  212.16227719   51.14833256 -121.42368613
   -179.60548471 -116.94315376]
  [  36.61073913  123.65724306  -24.58508529   70.46037574  -50.43578288
   -179.58334963  -35.62006662   67.86189372   30.13513016  -54.62530001
     -8.13372225  -54.60765504 -123.81553667 -172.29154058  129.84766307
    182.82180341   38.76584844]
  [ -93.1240886  -176.4460197  -592.66575608 -887.4339624  -198.99664174
   -568.57604646 -877.13741773  197.38277095  458.99415434  607.37965805
    703.73315425  428.88267018   67.77065136 -118.35767165  431.12012301
     96.70310472 -119.24680468]]]