[[[  -3.75098943 -138.90180491 -123.47240847 -128.55560791  127.83277783
    163.41709077   97.6718071   -19.78324937   10.36684826    8.83398782
     10.68002548  157.34343049  256.99149561  294.62838877 -171.40791831
   -319.3391292  -268.13879628]
  [   3.43732923  -29.25369322 -143.99612849   24.4989853    36.12826214
    -82.88925604   65.24750572   58.99625507   56.44474598  -43.57509139
     15.83725697  102.74003543  162.11287193   29.6187075    31.45049256
    -80.92638373 -212.9061612 ]
  [-132.96975209 -246.36356264 -675.45717307 -945.53528613 -248.02092681
   -678.11937941 -956.98413134  169.96874682  435.74989463  602.86084001
    673.85947109  405.39292003  105.6317609  -216.74977604  414.33016151
    182.88441299  342.0228175 ]]]