[[[  -5.98075214 -140.58605951 -124.02238197 -125.85841559  127.72486883
    164.30756745   98.96848627  -20.56225853   11.34373951   12.63962363
     12.3598244   158.80481407  256.39322463  295.74150134 -171.56245854
   -320.86746755 -269.63717265]
  [   9.22593679  -24.50227525 -150.31536138   13.49226364   42.95406264
    -82.56739459   64.51752911   61.99628106   54.78629431  -45.44222938
     12.94806189  102.6294557   162.93157183   26.78212732   29.0357066
    -75.88051168 -208.88650675]
  [-125.08852528 -244.2190209  -646.76181979 -931.60310372 -221.5532603
   -677.62248743 -951.40416406  174.37116013  437.10745112  601.07685449
    675.55596433  405.98786412   75.37349959 -222.20842822  415.82363813
    179.47525999  306.43262504]]]