[[[  -5.39951407 -142.16815136 -126.57178566 -118.81680567  129.70166616
    164.79775786  103.57315218  -17.56384784   12.03875789    8.13794957
     11.68768184  161.80045742  261.08007822  297.16619736 -172.61639184
   -323.68829316 -273.22797472]
  [   6.44408384  -17.78526747 -154.62332677    5.32594912   30.67336421
   -108.1368384    38.59703628   67.87215058   65.26496704  -36.22717957
     26.00545269  102.81093566  151.70858744   11.89260772   48.18038653
    -52.58864846 -189.15129411]
  [-135.41796722 -247.29938611 -648.02056777 -936.09110827 -249.90532549
   -679.73282146 -955.14253126  170.19043075  442.97600619  609.92686961
    684.40953352  411.21731487   78.15903828 -220.11782111  421.36864772
    183.31099335  312.4713709 ]]]