[[[  -3.0943638  -138.7813828  -122.65226335 -114.10620575  133.05731751
    168.62817552  106.53456591  -15.74567735   15.18952861    9.57876656
     15.01125881  165.06597573  262.52910012  259.76665726 -169.59697787
   -320.20925393 -268.00813561]
  [   8.25434755  -16.69262897 -156.32203108    3.02670189   33.20125238
   -107.09761066   40.96661783   69.26278955   65.75061734  -36.19013359
     26.36491329  102.61193484  146.22908006    8.15733697   48.51702786
    -52.72795892 -185.4042799 ]
  [-135.37155518 -247.69832194 -648.76831115 -936.35111374 -249.99475402
   -680.41581629 -955.92218431  170.39802445  443.49023286  610.12484901
    685.02064537  411.62305783   77.67083161 -220.4549902   421.76558789
    183.53884829  313.2904328 ]]]