[[[  -4.60886359 -144.94132099 -128.04319554 -113.98187659  123.65861058
    192.68871858  118.08225855  -15.91776452    8.34821311   12.68035712
      8.86341315  184.97454881  249.00976686  244.00994795 -144.82118654
   -321.95608388 -271.79143211]
  [  16.91264023   -9.81772629 -162.12985092   -5.64184953   43.64293127
   -112.89793523   31.61296103   73.82733098   62.32696687  -41.5433926
     18.63319841  100.58028786  148.09261826   13.99860192   44.91897672
    -45.92536755 -177.05593777]
  [-130.51179578 -238.60051079 -629.19425899 -921.34342018 -241.21022517
   -660.38121008 -940.00165402  174.44550379  439.86141885  608.53705643
    700.95960753  407.63204886   75.06897977 -249.58233786  417.92477269
    180.05962689  271.53044508]]]