[[[ -3.77028928e+00  -1.52831474e+02  -1.39048833e+02  -1.06398627e+02
     1.46693220e+02   1.82343309e+02   1.22800694e+02  -1.44742206e+01
     1.95907503e+00   5.04469508e+00   1.82793755e-01   1.79648248e+02
     2.73859832e+02   2.29979137e+02  -1.52046706e+02  -3.29745385e+02
    -2.40993215e+02]
  [  2.24688371e+01   8.26653278e+00  -1.72519265e+02  -2.06668552e+01
     3.66710867e+01  -1.41312626e+02  -2.36720139e+00   8.70396637e+01
     8.07173102e+01  -2.50601509e+01   3.97303256e+01   1.05439798e+02
     1.29992727e+02  -1.47526826e+01   7.17905888e+01  -3.70398745e+01
    -1.68098241e+02]
  [ -1.43037954e+02  -2.65771659e+02  -6.22671528e+02  -9.19296419e+02
    -2.44046388e+02  -6.53335403e+02  -9.39010574e+02   1.65102653e+02
     4.36353310e+02   6.08721729e+02   6.97128252e+02   4.02943642e+02
     4.66004680e+01  -2.46720141e+02   4.14790218e+02   2.07156133e+02
     3.08953712e+02]]]