[[[  -5.95799006 -153.06253806 -139.78263616 -114.95903162  145.20721755
    180.97446167  118.63609388  -14.7337108     3.65898756    7.96514455
      1.92120089  180.31230128  272.95376704  229.85832517 -150.11465209
   -330.32008256 -241.60635229]
  [  17.44980615    4.14169672 -161.60695127   -7.1401254    30.75785705
   -132.30794588   11.6444684    81.22788897   77.49445984  -27.15807691
     36.49869256  101.6095763   128.89131487  -14.04521353   68.89620657
    -45.10212779 -172.09924366]
  [-138.87779575 -248.11986315 -634.39464595 -925.55564482 -251.42717739
   -666.39517107 -945.63568982  166.79749251  427.40673418  605.94872802
    687.34741603  393.11708792   36.02308121 -259.55985078  431.38493831
    235.06529558  334.77682564]]]