[[[ -6.71509494e-01  -1.19554921e+02  -1.38505186e+02  -1.42046194e+02
     1.39701152e+02   1.73972882e+02   1.03595308e+02  -1.56978559e+01
     2.90102649e+00   2.01478581e+01   3.19426871e+01   1.72695296e+02
     2.29463470e+02   2.24993925e+02  -1.46763632e+02  -3.28848398e+02
    -2.41998301e+02]
  [ -1.11498853e+01  -3.88725890e+01  -1.27043036e+02   4.17108747e+01
     1.65727089e+01  -7.08457270e+01   9.00746817e+01   5.02577852e+01
     6.47907829e+01  -3.20197076e+01   2.70687425e+01   1.03236598e+02
     1.48786918e+02   1.24101554e+01   4.05032530e+01  -1.02056616e+02
    -2.18775382e+02]
  [ -1.22850774e+02  -2.35538627e+02  -6.64497986e+02  -9.31723992e+02
    -2.15436977e+02  -7.30371790e+02  -9.64983833e+02   1.66149316e+02
     4.01594653e+02   5.81741923e+02   6.56460651e+02   3.67252858e+02
     1.45794138e+01  -2.50138982e+02   4.10303495e+02   2.83264378e+02
     4.61221996e+02]]]