[[[   -1.99327084  -122.53744114  -143.92948205  -145.86008442
     117.60149689   184.30365322   103.91290767   -17.16717022
       4.34985256    14.99479364    34.46754138   183.21004216
     253.73446086   240.26005363  -152.21751962  -347.55979743
    -251.68286046]
  [  -28.95471193   -50.44048501  -136.10579345    51.24191962
      -7.46900775   -99.90594541    68.24809252    58.0489334
     101.72949635     4.55396486    77.04888179   129.22091492
     120.23739555   -29.66470922    79.48427735  -110.02329781
    -232.98090471]
  [ -184.9542029   -321.17816546  -767.89813502 -1003.66850025
    -325.54041486  -774.451698   -1018.4090165    132.81178143
     416.43775176   602.4731692    663.06262674   355.97550588
      57.02883621   -96.87067465   402.81753007   346.99064162
     620.7817914 ]]]