[[[ -6.81458204e-02  -1.19222217e+02  -1.43046236e+02  -1.41063534e+02
     1.20017507e+02   1.85742986e+02   1.12381719e+02  -1.05200729e+01
     8.10861520e+00   1.29001846e+01   3.73124600e+01   1.87634107e+02
     2.58845541e+02   2.08286174e+02  -1.47888916e+02  -3.45827631e+02
    -2.49962390e+02]
  [ -3.21188367e+01  -4.52523748e+01  -1.15817099e+02   7.42768477e+01
    -1.89853518e+01  -9.75478072e+01   8.27468107e+01   5.45991301e+01
     9.77099134e+01   2.67427552e+00   7.41482471e+01   1.14641137e+02
     8.69706481e+01  -5.53932355e+01   8.55452983e+01  -9.36171637e+01
    -2.17050652e+02]
  [ -1.80869477e+02  -3.02244091e+02  -7.82088302e+02  -1.00994998e+03
    -3.31952636e+02  -7.88410048e+02  -1.02262482e+03   1.33272734e+02
     4.10190062e+02   5.97717190e+02   6.56581780e+02   3.50954574e+02
     8.24372664e+01  -6.66980191e+01   3.95937489e+02   3.40718760e+02
     6.15927815e+02]]]