[[[  25.18286553 -101.07375435 -192.09393652  -88.5170577   130.42980913
     62.42857287  101.0544302    55.89812646   32.02929836  -28.21315004
     20.92146513  163.263108    237.5352652    46.99784178  -95.40109896
   -181.11251808 -123.92405258]
  [  33.64871018  130.29451111  -16.17054425   67.05583288  -62.99710203
   -191.01176942  -49.40129217   66.4192548    32.63582858  -49.16505225
     -5.06691222  -61.67916348 -138.08266793 -184.06404417  142.19811083
    206.00465872   59.22506199]
  [-100.35045464 -176.25562959 -587.04978492 -888.29342638 -221.62499019
   -563.78055461 -877.40190337  193.5061565   459.35511805  608.75222643
    704.21528248  429.23158882   70.96857623 -114.54858997  431.52504569
     99.83257548 -114.69710747]]]