[[[ -2.69289317e+00  -1.23242158e+02  -1.48813143e+02  -1.49824410e+02
     1.11822187e+02   1.76493084e+02   1.04953959e+02  -1.27686308e+01
    -4.26489006e-02   9.59021823e+00   2.96777572e+01   1.77483001e+02
     2.50170732e+02   1.97420909e+02  -1.52842427e+02  -3.10122897e+02
    -2.08004396e+02]
  [ -2.77308554e+01  -4.21843186e+01  -1.01292108e+02   9.89553367e+01
    -1.32774299e+01  -8.06398164e+01   1.07512337e+02   5.42214421e+01
     9.48063414e+01   3.84624619e+00   7.57509886e+01   1.12659486e+02
     6.05988147e+01  -9.08414054e+01   7.94848317e+01  -1.05988865e+02
    -2.30634294e+02]
  [ -1.77189614e+02  -3.06788146e+02  -7.89166245e+02  -1.00497846e+03
    -3.10266781e+02  -7.93982709e+02  -1.01595049e+03   1.28712545e+02
     3.98238148e+02   5.83327410e+02   6.42060011e+02   3.41228371e+02
     8.02680499e+01   4.51903257e+01   3.82769938e+02   2.90040959e+02
     6.03184000e+02]]]