[[[ -14.89593762 -135.4122975  -130.1157161   -92.64936694   97.26872765
    166.70716084   62.05860413  -10.60729929    6.88193276   13.89676392
     34.25428338  160.90565575  196.19811566  121.93790686 -125.04910431
   -234.93396079 -158.64270419]
  [ 132.48382433  129.78202893 -321.67383332 -113.90404978  135.1855831
   -316.50256097  -96.86537276  160.6740103   127.07365456   26.21737334
     95.09357716  136.62885533   43.86193228  -92.64991876  128.4848528
    -39.37528681 -135.83946037]
  [-224.89564228 -309.47509199 -633.73021474 -718.77831457 -315.27078891
   -670.46430727 -740.44953782   79.1127024   350.62901512  500.15683484
    568.9885082   297.81615645   44.01653963   78.13376722  331.51162919
    211.53362363  479.58722521]]]