[[[ -14.89926104 -132.50203155 -126.27039629  -70.96467774   94.55109483
    165.48864269   67.55243479  -10.72213188   -0.92093344    7.30681623
     28.28445406  151.00294057  159.36128584   44.77954638 -153.90369622
   -186.6893205   -43.18158635]
  [ 147.4688836   139.24717275 -300.49125281  -76.02847707  155.69057862
   -283.42597221  -59.28587316  163.22259329  113.46014821   14.1389861
     83.93545138  124.89471745  -17.89359418 -131.79523271  107.55344264
    -43.4865026  -137.88718712]
  [-219.26871408 -307.49202996 -633.47455333 -723.67496029 -309.53355887
   -663.81598172 -735.82073356   83.12020978  349.9751017   499.95690416
    566.02197091  323.32715251  106.18112714  280.03599002  325.66931599
    111.78408896  281.00266841]]]