[[[ -20.66222588 -139.13738514 -132.729934    -82.85744549   91.96584644
    130.51220831   48.76500052  -13.46855315   -2.09311791   10.59982496
     28.05032136  125.56792022  186.06195272   82.50706827 -131.41839027
   -189.81779401  -49.46869595]
  [ 154.31408861  148.02622278 -294.57186734  -73.8810857   160.60194055
   -279.20146029  -57.54482004  160.38844932   98.08586779   -4.19227769
     61.83108501  114.56108968    9.20361629 -115.53636812   93.40996436
    -39.09148611 -138.2120573 ]
  [-200.36315015 -284.405511   -614.84365078 -723.83280622 -287.83257765
   -646.51201666 -733.71612009   98.45834295  373.5959118   506.38305227
    568.57220279  345.67622135   70.92690755  200.59407666  349.88678685
    103.47831766  233.83222604]]]