[[[ -20.14503391 -138.52771878 -132.43479068  -87.18799431   91.96372868
    130.43118536   50.25342351  -13.61801998   -2.18893081    9.9661283
     27.67720279  125.19596892  184.85048811   82.55802417 -131.15883494
   -188.50720226  -49.85912055]
  [ 159.26877753  152.38487329 -288.20417239  -61.44056318  166.1526673
   -272.36810575  -48.38730265  157.99744908   88.86460675  -14.65231681
     49.09585944  106.20422707    8.34274428 -113.59898287   85.04543709
    -39.60427666 -137.00759906]
  [-191.55909749 -274.39278024 -633.61500906 -734.60895796 -277.24651247
   -636.23639806 -733.35474876  106.61255769  380.06714743  509.61990806
    573.71907826  352.38521663   76.73092384  175.18549503  356.17447659
    108.32209029  208.03973783]]]