[[[ -2.18366733e+01  -1.43601796e+02  -1.17962597e+02  -1.37849070e+02
     1.12217555e+02   1.58605451e+02   6.75931564e+01  -3.69081171e+01
     1.71538230e+00   2.79119933e+01   9.88854074e+00   1.42427774e+02
     2.03007748e+02   1.26383287e+02  -1.71534815e+02  -2.30278441e+02
    -9.08680883e+01]
  [  3.46375231e+01  -2.69085295e+01  -1.63142139e+02  -7.68246058e-01
     9.61835654e+01  -5.20565207e+01   7.38603826e+01   7.26616803e+01
     3.82810280e+01  -5.72771603e+01  -1.64083486e+00   1.12848935e+02
     1.45751531e+02  -4.48986180e+00  -2.02283966e+01  -9.45204010e+01
    -1.74606106e+02]
  [ -1.10053417e+02  -2.06218573e+02  -6.21667688e+02  -9.17493561e+02
    -2.30989094e+02  -6.23003062e+02  -9.24100471e+02   1.93203201e+02
     4.65457274e+02   6.21444254e+02   7.23376503e+02   4.34973147e+02
     8.19155076e+01  -1.11749320e+02   4.37856947e+02   9.37898686e+01
     2.14084056e+00]]]