[[[  -3.12886434 -143.85708102 -137.10263245  -94.84819038  126.56304352
    117.24026261   76.71527706   -4.23890485    9.11771518    3.66774181
      9.99680961  159.33765129  217.58759097  164.91261567 -142.36968969
   -234.29515917 -147.13112651]
  [  47.69906567   48.7052376  -172.5351654   -43.18949661   46.69289231
   -180.71258918  -80.47914581   99.87682765   59.67337636  -42.70627353
     18.60835706   68.62886009   86.15558458  -42.62940418   68.51122855
     72.7425254   -55.04188058]
  [-102.45014213 -196.31534296 -569.91602057 -835.48721876 -194.85453477
   -450.73850794 -802.79854638  188.05865792  461.00345615  606.11053535
    724.50982667  429.5370759    24.65104831 -215.889032    432.69214872
     66.81879785 -140.2962824 ]]]