[[[  27.6404682   -92.12795438 -135.21833965  -39.4857205   129.50845541
    137.52885584  179.21311063   56.36927955   21.96406451   -4.82032567
     46.33743542  193.37181332  217.31862521  108.10868013 -115.97724354
   -215.03014135 -187.67557092]
  [  11.55581744   89.50439336   -1.80648499  117.13421113  -66.39288309
   -146.36620323   10.29423315   51.0215354    45.25603019  -45.51446285
     11.52695739  -35.7049443  -209.53283729 -277.26660131  133.99568719
    181.93660038   36.36737924]
  [-129.24689261 -228.7541227  -657.94224266 -991.92443435 -227.64735093
   -656.23276908 -979.72632033  174.72426375  448.26938205  609.25264104
    707.59688739  424.96849158  189.67516299  321.50174989  417.89405906
     98.31449447 -125.78160291]]]