[[[ -13.44071085 -123.77047049 -134.12471367 -125.18266602  104.81356886
    137.30968093   74.33264671  -19.22661764   -1.84932802   28.60202547
     31.67631035  166.00717782  216.20900071  185.65639886 -146.85219226
   -244.39725488 -190.67817817]
  [  27.15673165   -6.27596124 -155.36328815   -5.83261697   60.58941534
    -88.97025415   40.73720063   71.04457662   36.56152825  -62.62915024
     -6.34402546   84.02782014  133.97298637    3.97100497    9.42635725
    -19.80103474 -129.09625847]
  [ -96.77696225 -185.03549142 -585.9625793  -883.02267979 -209.87913993
   -588.92145159 -890.94135392  201.33753999  467.45855358  622.77936697
    741.78393231  434.82868      51.79663808 -234.41714642  442.03377206
    130.29992514  -53.5448733 ]]]