[[[  3.14566848e-01  -1.35024241e+02  -1.63932160e+02  -1.08617690e+02
     1.27491331e+02   1.47732210e+02   1.12866151e+02   6.09131335e+00
     1.58594071e+01  -3.67957059e-02   1.32995989e+01   1.61637358e+02
     2.48860594e+02   1.99037963e+02  -1.31190010e+02  -2.63291699e+02
    -2.20480353e+02]
  [  2.58460997e+01   4.13239313e+01  -1.26567822e+02   1.17965517e+01
     1.03682718e+01  -1.52778815e+02  -1.62392411e+00   7.90035089e+01
     4.85449302e+01  -5.33603543e+01   3.93036938e+00   4.32462185e+01
     5.44477947e+01  -6.92277451e+01   7.42307827e+01   7.06780602e+01
    -6.01911990e+01]
  [ -1.06714996e+02  -2.07498950e+02  -5.87429063e+02  -8.91702014e+02
    -2.09165057e+02  -6.16384486e+02  -9.03152539e+02   1.94427547e+02
     4.55167949e+02   6.21914709e+02   7.33367001e+02   4.46864464e+02
     6.89365854e+01  -2.23721712e+02   4.29068685e+02   1.43403168e+02
    -7.02925365e+00]]]