[[[  23.49672262 -100.44292668 -186.38093565  -87.3534435   132.7541532
     67.9801852   107.7017744    50.89548442   32.39573108  -26.38217728
     22.41378024  164.40823115  238.93243733   50.44584392 -122.3764997
   -181.20239816 -118.92760196]
  [  36.60724789  124.72103947  -25.1933822    67.74113646  -51.50654813
   -182.94978781  -35.28693879   67.74332211   30.83637755  -54.74060155
     -8.85795805  -53.58632629 -121.61917147 -172.8378427   131.57533681
    187.6934577    40.01351695]
  [ -96.89771792 -171.30017323 -580.88564617 -885.99137848 -216.68726975
   -583.18775347 -883.12401362  195.06233179  458.01691243  606.40956132
    700.26735857  427.97785793   72.68828507 -110.01550752  430.34551642
    100.94181929 -110.69425567]]]