[[[ -6.28535331e-01  -1.21822033e+02  -1.78047808e+02  -1.14191542e+02
     1.42019365e+02   1.32431468e+02   1.07170326e+02   6.65707358e-01
     3.08408026e+00  -1.53190325e+00   2.68695987e+01   1.72067011e+02
     2.70111805e+02   2.54524539e+02  -1.45407664e+02  -3.16212240e+02
    -2.39618122e+02]
  [  2.04646624e+01   3.60872413e+01  -1.40338007e+02   8.85225182e+00
     4.84208555e+00  -1.70222719e+02  -2.39638261e+01   8.67794628e+01
     7.55072534e+01  -2.57699164e+01   3.93546786e+01   7.23086136e+01
     7.73884078e+01  -6.65776648e+01   9.66674676e+01   2.96243649e+01
    -1.21004357e+02]
  [ -1.36978223e+02  -2.33152143e+02  -6.31265146e+02  -9.16615338e+02
    -2.57436993e+02  -6.34138862e+02  -9.26063355e+02   1.68265256e+02
     4.51457266e+02   6.11499032e+02   7.05986770e+02   4.19454681e+02
     4.82525333e+01  -2.03138156e+02   4.04663703e+02   1.41226632e+02
     2.58635844e+02]]]