[[[  -7.94050697 -131.94249668 -149.92721427 -114.49132253  132.65202852
    128.3020145    90.02990701  -11.39013238   22.86619143    8.01217738
     21.44283457  163.45035282  260.00324673  287.16554682 -154.97920961
   -328.72138392 -250.31191089]
  [   8.72266562    5.67543369 -161.79020892  -13.39433745   11.76987059
   -152.15198198  -11.90001458   80.97983388   80.84039736  -20.35365389
     47.72411781   97.7299598   126.49635404  -25.17102499   81.74640968
     -6.05489615 -153.11106014]
  [-145.57558885 -248.16419293 -621.36776522 -914.23121092 -274.55292838
   -652.78484765 -934.58243915  162.39145711  440.86264707  614.078455
    697.46144249  406.99680952   31.78604547 -222.11556909  442.65496432
    163.31367147  313.52514521]]]