[[[ -23.23795316 -157.68099851 -175.40530213 -164.89500932  103.60603116
    137.28157444   69.53508591  -30.8884708    -2.77058521   13.79405567
     27.13495679  139.53314153  262.40794452  299.73898453 -151.68041703
   -288.18076901 -193.98456103]
  [  17.28888244   -9.75210397 -137.68511913   39.84830386   44.32978787
    -80.99718413   71.00919254   70.37956479   66.26183005  -33.62783961
     29.07879184  109.44308707  144.69107798  -14.61696935   37.66373057
   -121.06640139 -253.18787616]
  [-146.6932293  -264.22562537 -649.25756128 -925.80535448 -268.54691726
   -681.20359546 -950.32271647  156.97137205  422.74239955  591.75532203
    677.99985588  389.72923494   44.66081336 -204.82647557  404.14010781
    184.07764234  444.35506467]]]