[[[ -10.68214242 -147.82245011 -173.50822314 -141.80146159  115.81919377
    146.08392216   93.21164435  -14.61490987    8.2762326     6.62477504
     35.91639807  153.2576087   242.38786198  201.03804851 -141.73070766
   -251.48447318 -188.23341168]
  [  11.74348819    6.69913438 -113.21637659   63.90912884   16.78778152
   -101.88144413   62.96040338   70.21745539   68.47499429  -29.27702874
     34.88965046   85.39123019   97.64400853  -46.88947319   62.75622508
    -83.33204976 -213.17795129]
  [-141.9086042  -257.7977273  -655.63562433 -913.61398976 -261.6449698
   -688.11736841 -938.90142219  154.58606491  420.34870969  582.55532844
    656.21651631  388.0858087    58.03758852 -229.11489094  401.52967532
    177.55472751  483.58956367]]]