[[[ -13.25246591 -147.14675009 -169.68377247 -159.53574555  116.98120186
    152.10282752   79.55691964  -22.55577759    8.30183421   16.14541123
     39.33825443  152.75148897  214.96978742  207.50266986 -142.43694473
   -248.51711977 -184.16347717]
  [  10.82961709  -14.24259203 -118.55763361   64.15485399   35.90173117
    -72.7714192    88.30672764   62.1319346    57.02533855  -41.7747935
     19.70195657   95.60848012  130.03451784  -12.97889478   32.04854509
   -115.35055591 -235.44393356]
  [-137.56676725 -256.43135086 -660.99431632 -923.46382771 -260.07191223
   -693.89030753 -949.38583932  161.89691135  428.05345042  589.16370361
    665.8878062   395.60006369   61.15499869 -230.90828098  409.27398064
    181.34383693  454.84705854]]]