[[[ -26.66412534 -147.70377502 -165.45238111 -196.3771829    82.05808215
    155.33214917   48.66721666  -34.89936774   10.14336002   36.07393597
     46.79154802  151.03077779  211.97977131  215.15661181 -139.77733349
   -242.96164755 -176.59716305]
  [  19.47288833  -36.10677224 -122.19288553   63.44942836   75.05240577
    -17.43376558  135.74950187   49.68373946   33.25830276  -63.05045843
    -10.39984269  104.1058903   167.71279634   32.8991807   -19.76205099
   -176.64096182 -277.15609457]
  [-123.10913923 -249.47284053 -662.18143003 -929.77394668 -228.13844437
   -694.67459604 -955.67977383  172.96412436  431.42342771  581.81745005
    668.28720464  369.73375641   65.54911874 -230.59687966  413.42646386
    185.26589067  423.05726403]]]