[[[  22.73388152  -91.66881188 -174.18159564  -73.27454004  114.66296772
     80.95266421  122.13031029   47.91551367   40.04041082  -29.76892794
      3.09868513  172.10014548  219.55574435   60.81453214 -115.21928888
   -201.31837874 -108.83707476]
  [  33.19653089  121.2978461   -10.87957902   85.22019066  -54.9047868
   -170.67451647  -24.00320631   62.96316847   25.68463859  -57.74846089
    -13.00286545  -58.68087916 -127.13359297 -175.30768332  125.63237273
    178.24217831   34.30722904]
  [ -89.11585276 -171.52592702 -589.69176462 -891.04435085 -194.91060518
   -591.92620123 -888.27999295  199.95941506  458.7287847   606.12344069
    701.78805977  428.88134213   71.43744555 -114.59469467  431.30725138
    101.0576382  -113.94060711]]]