[[[ -12.04530191 -149.15971895 -137.76273276 -154.49249551  114.87014377
    150.54989899   81.37923581  -20.51248324    4.61385438   17.05546615
     36.67955544  150.03323871  249.51658435  207.78258493 -146.59912548
   -288.05749842 -192.46678491]
  [  16.75352757  -15.18181128 -111.34036707   71.12711585   48.68878648
    -51.87659253  113.7548691    55.50540346   39.54288491  -57.02407995
     -2.4446219    84.38071686  121.68767331  -18.55433884   14.70988619
   -103.18048092 -220.22321049]
  [-110.95706451 -211.42312803 -679.50940132 -934.28469888 -213.45576317
   -682.38987043 -946.31047461  175.44881174  438.98807909  577.56263197
    649.75365994  379.17622349   81.27689857 -178.58507136  388.84759589
    158.52421156  354.49883805]]]