[[[ -5.68574788e+00  -1.43876803e+02  -1.34551856e+02  -1.32124642e+02
     1.19858286e+02   1.51188881e+02   9.86310845e+01  -1.02425741e+01
     8.28959639e+00   1.29042363e+01   3.87295615e+01   1.54126612e+02
     2.52316607e+02   2.08905816e+02  -1.41566985e+02  -2.82718607e+02
    -2.30701109e+02]
  [  1.71971531e+01  -5.23510436e-01  -1.06334295e+02   7.06237356e+01
     3.49177756e+01  -7.47883412e+01   9.27585919e+01   5.82494192e+01
     3.51038531e+01  -6.20328710e+01  -7.58512712e+00   6.53419305e+01
     9.62236999e+01  -3.74763665e+01   2.82494391e+01  -4.12660400e+01
    -1.72079862e+02]
  [ -1.02623612e+02  -2.02500806e+02  -6.64862983e+02  -9.27154957e+02
    -2.03972143e+02  -6.66877842e+02  -9.36331432e+02   1.84711177e+02
     4.42759538e+02   5.88870053e+02   6.52198064e+02   4.13245258e+02
     8.55971296e+01  -1.73237257e+02   4.20137925e+02   1.23844915e+02
     2.41326544e+02]]]