[[[  -7.94332599 -137.86960412 -119.93925403 -143.44467913  126.61721511
    170.30013792   86.64182923  -22.8811694    11.17886037   31.95808853
     49.23237308  157.05485814  228.98633804  228.55599011 -171.19020494
   -316.84859765 -226.07811199]
  [  22.24912385  -37.65227548 -143.09566015   26.7451191    82.15046237
    -32.63529524  110.70534081   51.60611423   17.97739132  -78.59476131
    -33.41437649   94.7513554   178.67358389   55.69542656  -28.02075036
    -93.41533318 -205.51784472]
  [ -99.00251373 -211.4024749  -654.91936212 -935.46093047 -185.16189782
   -654.61881618 -942.79958118  194.34229976  444.0380406   596.21621559
    687.93869645  417.07992802  146.63007996 -148.67758115  393.51502481
    112.55395894  118.39872105]]]