[[[ -18.36005972 -121.57530198  -94.61059887 -124.07632864   88.56702802
    169.1866425    65.65874997  -24.34078586   19.2960494    66.72530357
     64.38568103  150.28116733  214.6491759   227.85423208 -147.52816098
   -291.16242464 -279.34348977]
  [  36.0550437   -52.77537164 -158.71425938  -22.54413453  124.88550317
     11.48296482  119.13581825   43.6396253   -21.87415032 -102.09729485
    -74.90637301   87.61297568  209.13460635  128.88265893  -90.43122464
    -74.07039029 -172.50001376]
  [ -61.56779647 -159.72641935 -543.37411991 -851.1321458  -134.34624457
   -567.68277665 -857.92354547  214.09971242  447.62002915  574.85343037
    674.38506015  425.26124429  176.38498326  -76.56290471  395.0665782
     45.03602031 -297.09268743]]]