[[[ -14.45640328 -122.82976588  -94.33408999 -112.79064201   97.08070061
    179.74267209   79.87354359  -22.64269238   21.68447446   61.34421873
     66.71079325  159.11485419  225.86679241  198.50041762 -151.50074705
   -296.23646366 -283.79963804]
  [  38.9295357   -43.8302223  -170.06373581  -31.40838516  121.68933785
    -13.50360442   93.25399813   52.80913774  -10.88991589  -97.59565417
    -64.73017142   91.24397813  199.12087586  109.28478705  -72.98559134
    -52.85612105 -150.5390491 ]
  [ -76.3127539  -171.9097882  -559.33643428 -863.847411   -169.7536838
   -557.48729293 -864.09656483  209.66255338  457.32653037  588.11047211
    691.63643036  433.70047793  176.60588882  -81.65183839  403.7192975
     45.66572706 -273.81582257]]]