[[[  14.49739356 -120.50346151 -206.81729674 -110.08575411  119.31939624
     84.92295957  100.65501968   46.09599563   47.06591677  -18.89747239
     11.58418846  181.79714044  228.86129094   68.1284559  -112.08954066
   -200.02251995 -102.24652946]
  [  32.78800911  113.65120326  -48.9299937    41.6771926   -48.07518479
   -189.87510066  -41.63838449   75.58610384   44.52359652  -44.90594967
      5.46100218  -34.40968572 -105.4553069  -161.01975531  136.90379225
    181.93524023   33.26124419]
  [-106.83219219 -196.99554173 -584.36140388 -891.77397348 -220.59819285
   -586.8415699  -888.6914328   191.50875148  464.98856914  616.15394939
    710.8452862   434.26416388   75.72209839 -108.0135557   437.0231051
    105.35417491 -108.00089921]]]