[[[ -2.18275079e+01  -1.48974256e+02  -8.92979155e+01  -1.25702275e+02
     1.02531548e+02   1.90459466e+02   7.98913434e+01  -3.16316602e+01
    -9.55155423e-01   5.81256001e+01   7.32184549e+01   1.66191948e+02
     2.02947884e+02   2.07371470e+02  -1.76352006e+02  -2.91276391e+02
    -2.35865047e+02]
  [  3.61094637e+01  -5.01070180e+01  -1.72513629e+02  -2.55167663e+01
     1.22325949e+02  -1.08641829e+01   1.02559869e+02   5.29193383e+01
     8.81835252e-01  -8.69040343e+01  -5.17566383e+01   1.06655963e+02
     2.14442663e+02   1.12233643e+02  -7.02388396e+01  -1.01904199e+02
    -1.89190625e+02]
  [ -8.36200945e+01  -1.89527789e+02  -5.89525542e+02  -8.97633649e+02
    -1.64400483e+02  -6.16759809e+02  -9.07504700e+02   2.06495764e+02
     4.49820971e+02   5.91894931e+02   6.87657408e+02   4.24167469e+02
     1.61880966e+02  -9.97147158e+01   3.97965332e+02   1.04427038e+02
    -1.38395648e+02]]]