[[[ -1.33053866e+01  -1.42910241e+02  -1.25692755e+02  -1.43228136e+02
     1.17607287e+02   1.60174250e+02   7.76914937e+01  -1.94754670e+01
     6.78182627e+00   4.04305461e+01   4.71559209e+01   1.80618924e+02
     2.21474028e+02   2.19927765e+02  -1.71937646e+02  -2.82658796e+02
    -2.30540563e+02]
  [  3.00671320e+01  -2.75479083e+01  -1.36917239e+02   1.79594315e+01
     8.76821723e+01  -2.88544673e+01   1.11697287e+02   5.09083394e+01
     8.55205950e-01  -9.22886753e+01  -5.20148102e+01   7.65740118e+01
     1.51583424e+02   4.30352043e+01  -4.21898211e+01  -5.11058284e+01
    -1.50070084e+02]
  [ -7.51431728e+01  -1.65392180e+02  -6.00508737e+02  -8.99830971e+02
    -1.65286156e+02  -6.29136114e+02  -9.10411096e+02   2.10258975e+02
     4.51694667e+02   5.94719600e+02   6.91013560e+02   4.25650499e+02
     1.60033979e+02  -1.03499962e+02   3.99617731e+02   1.02492686e+02
    -1.42991084e+02]]]