[[[  -8.85983812 -134.88707828 -116.73869596 -144.06847     122.96168651
    167.9248996    79.06561828  -20.04228897   11.71852002   44.97830277
     53.36559685  154.22480543  224.42419829  229.55514305 -166.48303925
   -280.46836155 -265.5976747 ]
  [  23.66061855  -43.82126612 -140.36026484   17.89565775   91.14252139
    -17.38713288  111.39510909   44.61606748   -2.71112739  -92.71533291
    -54.2816899    83.12732343  176.50810558   77.99437559  -54.18732214
    -64.70459739 -166.5351486 ]
  [ -74.77924026 -166.64890713 -632.7933691  -910.88321302 -164.88107143
   -603.09752271 -904.6623285   211.07362493  452.98395727  595.95634168
    693.19047179  427.74593894  163.21787007 -104.1908714   400.55839481
    103.31783006 -144.58122504]]]