[[[ -18.77053278 -126.1671825  -103.55844539 -157.23556121   87.11771625
    169.12650158   52.58908573  -28.2832799    17.96568808   67.081658
     63.68306551  150.51262513  182.727354    229.53517838 -153.03905676
   -267.7069587  -250.19648555]
  [  23.62749684  -68.69192765 -147.96410548    3.19700267  115.94694586
     20.01314636  133.3150427    35.56785033  -15.25076015  -95.05313022
    -64.19276574   97.48508892  221.761032    140.54396267  -92.59429029
   -120.16254061 -211.86859609]
  [ -73.66425593 -181.16908874 -614.93455566 -904.6435777  -155.56216907
   -613.41164236 -905.73849956  212.92741819  453.01669173  592.31392476
    688.98919907  428.52041538  169.90082489  -93.84042868  401.36777072
    108.38985409 -168.20609089]]]