[[[ -20.49691048 -122.1907096   -99.59497749 -153.87755408   86.92561008
    133.00981146   30.73574993  -27.46362838   21.18467988   71.55918373
     67.13159701  151.41878625  181.89656553  230.12389646 -146.90812093
   -259.51576662 -243.48137199]
  [  26.334058    -65.96391993 -143.91083636    1.92226488  118.63210316
     30.10409055  136.220856     33.2699055   -24.40075456 -101.20533693
    -71.91063758   88.84033175  213.90660928  136.14579801 -100.60201351
   -105.52474607 -200.46783231]
  [ -66.11578958 -174.29077319 -600.82141084 -885.01916937 -147.81178086
   -571.21449868 -878.22092806  215.83529429  450.77925742  588.52585883
    683.63794266  427.10186408  170.23156699  -90.69706197  422.4653038
     70.04261393 -237.46430418]]]