[[[ -14.98010071 -111.2838947   -85.13000056 -127.404389     94.13510134
    140.4041862    42.50785713  -27.87702462   -4.22602374   61.36523829
     38.89236997  151.74886812  183.85553133  232.24683098 -139.98768553
   -271.96547431 -228.68980908]
  [  23.66261559  -68.68736413 -154.59733996  -21.5773566   116.01263712
     21.00439184  124.19834706   38.25889624  -14.95840722  -91.09616713
    -60.53333901   96.85752706  216.13826758  133.80327066  -92.29136165
    -95.42283997 -189.85271616]
  [ -67.39985444 -171.27067476 -556.48122805 -863.37301301 -146.17859379
   -581.06704138 -870.67412998  212.72788252  439.49204941  589.82136173
    690.74937646  443.86517626  164.21098277  -90.29962277  409.99494811
     61.69433303 -272.98509621]]]