[[[  13.85273742 -120.08378499 -202.99501226 -108.50170588  122.80728516
     90.57163726  102.43207348   41.36390488   20.86544251  -18.3742699
     12.73822046  183.90471505  232.36573391   72.21829868 -113.42487378
   -200.57401183  -98.39365017]
  [  35.38060932  107.79275338  -61.3569777    37.99869514  -37.03153637
   -186.50711064  -34.93741093   78.38865295   44.91015188  -47.71196163
      4.26672633  -24.41281817  -86.73670005 -149.9295431   128.4504508
    166.16685426   17.92087286]
  [-106.48422673 -197.27324839 -585.36943841 -890.21656863 -220.78088687
   -587.60028571 -887.19713514  191.95750094  465.715073    615.71859005
    711.60520094  435.16220254   75.78586973 -108.48250659  437.52735786
    104.26480231 -108.50636022]]]