[[[ -13.50584327 -109.50535036  -83.70402158 -131.61527676   98.12759665
    145.66598355   45.64920039  -29.0493973    -2.36356671   59.27416635
     40.96606699  127.31111968  187.36873584  238.6272601  -139.71991512
   -273.3536702  -229.42023881]
  [  18.44762795  -73.99973667 -156.36291694  -22.22826289  110.89503654
     16.81612041  116.01808974   37.78679073   -8.28708891  -84.55598838
    -52.53983168  102.50536929  220.84947192  136.74255985  -87.03455801
    -99.73950121 -195.21575864]
  [ -69.07240192 -161.68467722 -577.79192591 -874.92637475 -160.16405176
   -576.44125628 -874.56105456  212.56565175  462.01943495  593.98466025
    688.60830963  437.53391914  152.90332661 -107.96262533  405.11503456
     85.24995606 -250.51896633]]]