[[[ -15.91829973 -108.37787884  -81.17042213 -134.58861951   95.11670888
    144.57543926   39.7546988   -33.00599739   -3.00327807   61.69293842
     40.76111562  124.10755603  181.63748867  196.71594009 -137.97636623
   -266.72006485 -185.6662384 ]
  [  19.45533192  -79.48015637 -158.62562075  -24.66721126  118.39085344
     25.36229833  118.68744139   37.98337737   -7.44868872  -81.91333998
    -50.3605255   109.6912278   228.62058994  139.72314073  -94.75037755
   -122.99690873 -202.96230712]
  [ -74.14008313 -170.34461432 -584.16335737 -883.25798596 -168.80825592
   -582.54478563 -884.17932986  211.57021289  452.36179852  599.0228628
    701.52419131  427.8077229   168.66432868 -116.20582295  423.20039041
     77.54213595 -224.72615385]]]