[[[ -1.29496083e+01  -1.03293558e+02  -7.68601116e+01  -1.37927086e+02
     9.70500132e+01   1.47950797e+02   3.73049651e+01  -3.30350874e+01
    -1.83260673e-01   6.63462771e+01   4.44992088e+01   1.24550717e+02
     1.48614483e+02   1.98945449e+02  -1.34133915e+02  -2.64620580e+02
    -1.82519242e+02]
  [  1.40939859e+01  -9.08797086e+01  -1.59007369e+02  -2.69598086e+01
     1.19067703e+02   3.17407580e+01   1.20028081e+02   3.31749433e+01
    -8.26291803e+00  -7.95992215e+01  -4.96313333e+01   1.15697727e+02
     2.49081079e+02   1.68149774e+02  -1.02199448e+02  -1.38668473e+02
    -2.21979097e+02]
  [ -7.63040695e+01  -1.74224633e+02  -5.91930307e+02  -8.90184301e+02
    -1.72835350e+02  -5.90452813e+02  -8.91433236e+02   2.11020481e+02
     4.53200173e+02   6.01564083e+02   7.04184988e+02   4.28544161e+02
     1.66682661e+02  -1.20680460e+02   4.24273261e+02   7.81449890e+01
    -1.94970575e+02]]]