[[[ -19.80950961 -105.56804163  -81.62750676 -156.63060844   90.03119598
    105.69293513   -5.41357899  -37.6910261    -1.21048092   71.63381594
     44.13302408  120.76615106  142.30875253  196.02561974 -132.74251769
   -234.7386911  -143.07044036]
  [  11.0728346   -98.86876932 -153.61562945  -27.88012404  121.01448631
     52.68890976  136.93433995   27.57068712   -8.27542197  -74.08467552
    -43.97216307  119.2901569   242.92916191  161.33738186 -111.48709432
   -166.36431869 -238.54802228]
  [ -74.39851761 -174.14854442 -596.37142633 -896.33828208 -173.29889972
   -596.07022522 -898.79150739  213.07029034  455.58516559  605.5018291
    707.97193781  429.43783341  139.8524514  -123.14540246  427.91513754
    106.78371731 -192.37206348]]]