[[[ -20.14041628 -106.59574857  -81.94544327 -156.05249519   90.79936021
    106.71991824   -4.49844032  -38.28607106   -1.68041881   69.66064467
     43.24749791  121.47499378  143.19682617  196.99842159 -134.38239462
   -235.5045714  -142.32844118]
  [  13.31213013  -96.80436336 -153.67204451  -25.13338759  123.42864999
     52.55006004  139.74935503   28.91527405   -9.50600276  -77.02824403
    -46.48473543  118.45892342  243.50801665  158.26675241 -111.65987687
   -166.18331409 -242.45315046]
  [ -75.72329207 -175.64290357 -599.9001374  -901.01536228 -174.43280712
   -599.2031296  -903.86315543  212.70952748  457.38571425  607.11544041
    711.21751865  431.61428853  139.45993853 -123.04261046  429.00472335
     80.3464923  -160.81616908]]]