[[[ -35.1828201  -107.67727592  -81.77622422 -174.12812202   52.13852314
    100.78322288  -23.59501222  -45.30717428   -0.92948206   74.49642378
     44.90435493  116.66981104  136.98411877  192.04025413 -128.71216926
   -225.68535614  -98.7397772 ]
  [  19.21771983  -96.012711   -147.05556381  -24.06928052  134.44815835
     70.31663631  155.35170995   26.13903062  -16.73157068  -78.91396006
    -53.97551752  114.88010006  236.65903303  148.4344579  -123.5738019
   -185.3401718  -250.92088061]
  [ -60.03765027 -147.05977374 -592.674815   -886.87487745 -146.09446882
   -591.65058656 -887.71733395  216.31813436  443.59212283  587.85862996
    690.48766239  418.5765164   131.22215771 -126.28682132  415.64119114
     72.23818762 -163.89211878]]]