[[[ -34.46701509 -106.86514571  -82.85844561 -177.11212164   55.85514392
     67.22452231  -55.24621439  -43.07918414    3.12439642   77.91798115
     49.5674732   123.38835603  143.63414548  200.71999145 -127.74654474
   -227.56290852  -98.48098411]
  [  14.85752349  -99.51545654 -146.18522598  -27.12641179  129.2304986
     76.96099212  166.87649877   23.31352854  -14.569111    -77.22295162
    -50.44039443  115.70612779  234.17392732  145.83212838 -121.93996433
   -192.02089805 -258.95046848]
  [ -64.91446277 -158.20744617 -587.62300699 -893.49189869 -158.05190166
   -615.56397897 -904.19009108  215.89574027  446.43506011  594.84487713
    699.39983357  420.20455935  126.49062571 -138.84332515  419.7308368
     98.60894433 -140.08771656]]]