[[[ -42.50997501 -121.75853893  -80.73814783  -67.50829644   56.48546853
     77.43101986  -49.25100492  -61.45126443   -3.8811138    69.73662608
     78.09811848   96.73686749  152.88529018  172.9689751  -146.79766834
   -197.6690912    32.99812184]
  [  30.56318654  -86.52999176 -176.85346196  -54.74204998  147.65628712
     68.79883249  129.67585358   49.20499063   27.85476549  -49.15719748
    -11.16155189  158.95862925  248.81257683   98.24027039  -89.93774114
   -233.6342519  -269.84491963]
  [-145.06762364 -171.69293867 -545.91706561 -830.68753687 -172.45138434
   -550.56090675 -830.25641141  167.33805192  528.35780476  595.52337177
    807.06832408  498.84659736  152.69624501  -92.30106827  505.14953314
    184.82200441  274.6547247 ]]]