[[[ -30.72270938 -107.83337987  -71.1597658   -56.94589542   65.44453177
     45.06532094  -43.15132582  -58.07150378    0.99218918   62.83082492
     48.74920288   99.1631006   119.06819686  180.00695476 -139.5054093
   -185.40160566   45.5078849 ]
  [  21.99578204  -96.72958173 -165.61667787  -57.9238779   140.72101385
     75.37830251  129.13945058   41.59060251   30.03059665  -44.7628764
     -6.67765556  161.80907388  257.91263221  120.15208335  -90.74539085
   -243.01802579 -282.38146481]
  [-148.53091974 -177.8220781  -554.28005031 -838.50913596 -178.00059169
   -558.66494278 -839.33966078  161.08992477  522.65084889  592.73385442
    801.78960898  493.46055248  146.95040064  -98.05611342  500.22962999
    185.83954012  356.38224313]]]