[[[ -3.64844916e+01  -1.17560473e+02  -8.37892031e+01  -6.96148011e+01
     5.67700438e+01   3.38870090e+01  -5.54351216e+01  -5.44404828e+01
    -6.18094581e-01   7.57082064e+01   8.08605710e+01   1.29134050e+02
     1.13333929e+02   1.70670759e+02  -1.42024779e+02  -1.54915804e+02
     3.93019149e+01]
  [  2.32344073e+01  -9.34914620e+01  -1.59014627e+02  -5.53220314e+01
     1.39960140e+02   7.98855018e+01   1.35255514e+02   3.97828587e+01
     2.86482986e+01  -4.73269449e+01  -9.13934643e+00   1.59063782e+02
     2.55804261e+02   1.21465671e+02  -9.11982477e+01  -2.50456323e+02
    -2.82500074e+02]
  [ -1.42275518e+02  -1.54235608e+02  -5.64666068e+02  -8.51369204e+02
    -1.82578786e+02  -5.70759624e+02  -8.52376124e+02   1.65107448e+02
     5.17751839e+02   5.86465701e+02   7.96143370e+02   4.87796930e+02
     1.39642561e+02  -1.08833967e+02   4.97291267e+02   2.15589375e+02
     3.91663790e+02]]]