[[[ -28.05077342 -105.69401314  -71.81354341  -61.19605163   61.3223084
     39.2601236   -47.12800139  -57.86798252   -1.53958148   60.65871413
     44.57255325   92.95170681  109.68053229  171.04811585 -137.93909364
   -141.74345377   48.21839828]
  [  16.40285688 -103.78881151 -161.4378949   -56.17515119  136.59432581
     82.18292719  129.37535431   35.37526951   39.14109395  -36.25363766
      3.71791828  169.62094732  262.31581371  136.80881272  -87.00589477
   -273.07115737 -302.45791172]
  [-156.34318937 -189.58095475 -591.82507448 -842.82755869 -190.30828131
   -568.04191733 -842.06610958  152.400543    526.10385717  583.60019039
    774.34786029  469.33110561  126.83396081 -150.32398896  507.46950018
    244.74621543  498.82470167]]]