[[[ -4.94986170e+01  -1.11400998e+02  -4.86932075e+01  -2.00631755e+02
     1.44691371e+01   2.39180115e+01  -1.38085388e+02  -6.24091287e+01
    -5.65530781e-01   6.90350236e+01   4.55206747e+01   8.86092400e+01
     9.96036956e+01   1.23570325e+02  -1.34002513e+02  -1.07001747e+02
     5.97291293e+00]
  [  3.87507691e+00  -1.24861720e+02  -1.58831566e+02  -5.62442265e+01
     1.32611617e+02   9.21734805e+01   1.54534363e+02   1.58238839e+01
     2.49516186e+01  -3.96535912e+01  -3.21289372e+00   1.60062333e+02
     2.49482909e+02   1.41877020e+02  -1.09173909e+02  -2.97699473e+02
    -3.10163847e+02]
  [ -1.14236003e+02  -2.17994713e+02  -6.79287156e+02  -9.51675398e+02
    -2.47552164e+02  -6.85130092e+02  -9.66160565e+02   1.82719325e+02
     4.37455683e+02   5.91710798e+02   6.84784454e+02   3.78000918e+02
     2.57571949e+01  -2.30267331e+02   4.20194175e+02   2.13149782e+02
     3.94082129e+02]]]