[[[ -67.825741   -120.8571839    16.49688165 -157.71760228  -19.18134236
    -43.6598291  -216.96441014  -71.89487147  -16.13768519   78.81945363
     63.17946637   60.61609958   67.91807369  136.15293013 -107.08871543
    -73.73090341   36.29220828]
  [   5.3914246  -135.82948857 -166.58219171  -96.93287975  146.61206387
    118.93004601  147.70803562    9.78139664   30.08489256  -21.7848388
      5.84765671  172.93592669  261.62043849  172.12184916 -118.77276404
   -315.38135604 -314.56099305]
  [-105.55317949 -215.9918699  -665.13759102 -934.53259279 -217.56785271
   -672.06862862 -948.55645493  182.5178263   417.67593172  571.15384938
    656.66810227  384.44545599  -13.45718966 -233.92430227  402.30672969
    230.99852297  410.35486861]]]