[[[ -64.02133869 -117.4234477    14.60112878 -167.63016929  -17.80171012
    -44.2983372  -223.04640187  -68.12420108  -15.61581924   77.86574322
     62.06999727   59.33333761   67.03257218  133.56902556 -104.71452978
    -72.16277661   35.41055953]
  [   2.91084336 -136.52963525 -164.09795658  -98.51037611  142.35105996
    116.87303816  149.05434962    8.2152089    30.31645165  -19.82789613
      7.62192323  171.08032026  260.74868588  172.53930236 -116.85161914
   -314.53852795 -312.29223657]
  [ -99.38721227 -203.46713171 -678.01826692 -938.84489978 -205.3648912
   -685.08009864 -952.98716899  183.92701422  417.71285563  566.05310232
    652.096036    359.70445609   -4.47351754 -218.44817476  402.91105987
    236.49686623  412.69126363]]]