[[[ -3.92579615e+01  -1.07240067e+02   6.96613216e+01  -5.55374400e+01
     1.70483781e+01  -4.45581090e+01  -5.29560763e+01  -2.18046235e+01
     1.52304106e+00   3.38837793e+01   6.76272278e+01   6.11744451e+01
     1.73367624e+02   5.70678618e+01  -9.00599245e+01  -3.54301289e+01
     6.02522597e+01]
  [ -2.68340234e+04  -2.68542173e+04  -2.71828685e+04  -2.69079034e+04
    -2.68138295e+04  -2.71644673e+04  -2.68876542e+04  -2.68449125e+04
    -2.69011602e+04  -2.69774997e+04  -2.69128996e+04  -2.68675271e+04
    -2.69755629e+04  -2.70669170e+04  -2.69222756e+04  -2.70821654e+04
    -2.71043339e+04]
  [ -2.07652799e+02  -2.59874686e+02  -7.32217473e+02  -8.54980971e+02
    -2.89098166e+02  -7.02480524e+02  -8.31029235e+02   9.75440497e+01
     3.73305560e+02   5.05428091e+02   5.99736426e+02   3.48072613e+02
     2.19014942e+02   3.96665962e+02   3.50864234e+02   1.92117920e+02
     3.84283884e+02]]]