[[[ -45.50881109 -115.54299466   19.25358214  -66.22847793   11.0288361
    -49.95984078  -59.58774774  -24.77105443   -5.21034848   32.48454896
     58.7795386    84.28438186  179.10444662   55.22422075  -95.95086927
    -35.01277073  128.33048519]
  [ 148.63037775  130.19792438 -202.18863413   78.8828698   167.06287057
   -182.40593975   95.34218225  123.95544517   46.25872616  -34.012382
     29.16911387   81.17266992  -33.07257956 -142.5026348    24.33203278
   -145.85939032 -176.17381192]
  [-207.34136526 -275.21636077 -671.59007522 -826.52511863 -278.34623402
   -672.29227376 -813.61637337   96.28244157  366.7799867   497.4061014
    587.60353568  366.25615475  204.81309965  384.23283251  342.33590671
    123.81825566  371.33674432]]]