[[[ -17.67585186  -95.77304963   39.57496233  -21.58296835   38.33989782
    -41.32096849  -28.71202131   -7.98504942  -22.00859781   19.78373522
     44.21366375   74.98493914  169.22079839   34.46058205  -87.46630264
    -59.13054449  108.58599996]
  [ 120.27239764  110.54739088 -263.20437614  -18.02133445  129.99741443
   -254.26971849  -13.63356777  137.15370645   95.12708364   13.01723289
     87.49673522  114.5973094   -14.74661365 -104.4740202    79.58960813
    -80.31895595 -129.8866787 ]
  [-223.08958186 -290.29533662 -677.75471188 -836.62621392 -293.40322318
   -677.3263971  -825.74141227   88.18228185  397.52705438  520.88914626
    609.48621937  372.59494491  215.72837081  396.47315756  345.65368909
    135.91891516  338.06325824]]]