[[[  -36.75778302   -70.45013111    14.15540084  -158.93276837
       5.21013525   -97.73995237  -260.20781189   -53.21183103
     -27.53314886    72.09002646    51.93136682     7.989284     132.07397971
     276.27955513   -72.22896165   -18.46600339   207.1320105 ]
  [   13.28577436  -131.83515322  -143.49514301  -106.68297329
     158.40673454   146.18649415   151.85818422    10.89419566
     -12.17691437   -24.96516978   -22.88041082   145.98619318
     326.62091742   213.53906101  -158.0276078   -312.48710542
    -257.7365015 ]
  [ -157.23551098  -249.45668181  -677.50834398 -1038.31524085
    -272.2986805   -676.47070132 -1035.67040162   142.58355734
     403.89177135   549.42606867   644.78592767   386.71946189
     289.30024776   439.05345406   376.98456186   103.41681646
     277.91932941]]]