[[[  -45.59126011   -59.84917536    -3.01586262  -154.39666445
     -11.63581928   -70.61602413  -215.82085167   -55.24330939
      -5.80233404    94.6038631     76.00725634    30.8983971
     141.24603159   288.02125204   -82.99538725   -48.60349571
     175.61244491]
  [   18.93622622  -133.99145937  -149.23485236   -97.56226586
     171.8640395    157.2558782    162.93079088    15.54497646
     -19.70383966   -30.98082286   -29.74520432   148.09409541
     319.91048736   216.38816242  -170.65187911  -298.74984281
    -270.91227045]
  [ -136.78766425  -240.36180038  -632.95143675 -1020.80014875
    -236.44347724  -629.68323115 -1014.76643809   169.90367286
     435.98121937   582.28090873   702.70010887   417.95568593
     280.02530459   367.47424402   404.65074519    52.27757554
      28.88250117]]]