[[[ -51.51449322  -85.00613487    9.12358073 -139.08952153   -3.07505102
     22.49223931 -130.86458927  -69.52332534  -30.69675201   78.6977481
     41.08566246   28.22774701   33.96847483  105.35599936  -78.26650298
   -120.78936814   77.58010552]
  [   9.1737513  -140.40337596 -155.47637901  -93.95831759  158.75085761
    129.66638394  142.85261091    9.41958388   -6.72708412  -30.56927587
    -21.22981862  151.32169524  276.36040409  218.16209174 -156.17666263
   -270.97797883 -275.72024416]
  [ -73.58991808 -166.031339   -615.03311975 -910.96364035 -164.46498941
   -614.47186374 -911.43958021  207.63508075  456.10748339  592.56468406
    682.85349734  430.54858583   92.76965482  -68.68490157  404.59867469
     60.94935719  -69.41814809]]]