[[[ -1.06985654e+01  -5.32485121e+01  -2.37272970e-01  -1.41284539e+02
     3.93619208e+01   5.34899248e+01  -8.85809923e+01  -2.56525354e+01
     1.14303157e+00   9.91014720e+01   7.08013146e+01   7.04794239e+01
     1.91699431e+02   2.94554966e+02  -8.18318616e+01  -1.32273854e+02
     3.23158849e+01]
  [  2.76421608e+01  -1.13832143e+02  -1.36192109e+02  -5.65193921e+01
     1.69116643e+02   1.39289221e+02   1.91228510e+02   2.88423089e+01
    -1.48950434e+01  -4.27611966e+01  -3.27047389e+01   1.41912983e+02
     2.86462268e+02   1.83778858e+02  -1.47735220e+02  -2.49587385e+02
    -2.69963990e+02]
  [ -9.67121725e+01  -1.70977868e+02  -6.46462982e+02  -1.00179238e+03
    -1.66831512e+02  -6.15793023e+02  -9.85497534e+02   1.88298725e+02
     4.44490819e+02   5.70400771e+02   6.64824630e+02   4.27124044e+02
     2.77742742e+02   3.23359359e+02   3.90071818e+02   5.75908449e+01
    -1.00036580e+02]]]