[[[ -11.36914117  -68.38105368    6.58038253  -23.14537438   68.34702312
    132.36700885   -8.98019868  -41.61557822   -6.64287708   91.12147694
     66.65495407   68.51990928   72.21311532  198.74611921  -97.08569237
   -153.21532589   14.98124404]
  [  19.62759262 -113.22529519 -172.39423686  -76.49444036  152.48051099
     93.93584282  121.6142685    35.25874209   22.29784351  -24.85238828
     -1.84843833  164.82040109  270.77612465  198.37970827 -111.2106745
   -214.04278412 -264.31647171]
  [ -88.06261194  -96.58365378 -499.97999963 -732.29772122  -72.61993546
   -503.3940461  -729.97265142  190.47699206  513.57999876  578.15806146
    769.95065261  509.29658301   87.22901647 -137.01435423  488.94993047
    167.95834817  -62.2549971 ]]]