[[[ -33.84102843 -102.08387773  -22.91471602  -23.03631004   43.42548094
    142.8394699    49.11541454  -65.82311229  -38.42299657   65.19837234
     34.42763536   69.83492675   87.65060462  147.50821409 -131.96576705
   -186.75428293  -20.50838132]
  [  20.59191584 -114.51201567 -186.65179803  -85.94594539  155.6958119
     73.3663688    97.77698677   39.59656482   15.88479153  -35.14225543
    -11.58452529  164.44202195  278.50824571  180.34605781 -118.99906122
   -218.66707088 -249.68651363]
  [ -92.84736743 -136.04236082 -540.65029588 -786.6515936  -136.1223078
   -580.06591111 -909.03149406  197.14319737  503.42347577  596.86249093
    735.94960663  476.33616209  132.57567057  -64.25939634  451.83616644
    127.74116031 -102.55148481]]]