[[[ -31.65714134  -96.19340276  -64.57646793 -150.22485504   49.67803993
    178.44376312   39.19382138  -55.80300263  -34.84274264   67.77472891
     40.93804655   76.77610728   93.23057785  150.6588553  -123.87095981
   -214.27210719  -55.96970964]
  [  15.4103078  -113.82166825 -165.68485863  -49.03883864  144.64227857
     67.12556232  124.71562651   29.33340418   -6.05733081  -58.77845234
    -38.33032891  139.50230769  275.19372199  191.80478246 -130.50092251
   -214.43887706 -257.02295109]
  [ -74.10704182 -163.8506575  -577.42824054 -884.48705262 -163.80143589
   -601.95684598 -890.87829677  208.29598551  454.99113133  590.80143561
    679.73948986  430.47750995  147.85089086 -101.33169195  402.54874546
     83.21005941 -178.53720205]]]