[[[ -19.39307304 -105.02450257  -39.43044848  -68.71459286   79.23050251
    176.93032945   77.43359271  -50.73148611  -16.22192897   63.58245205
     31.11556373   73.77898659  126.89644322  183.62857276 -138.62773443
   -231.80935162  -71.75183937]
  [  21.99403907 -102.1955516  -184.79915197  -61.22326481  146.18358183
     51.15484416   94.51653605   43.51693962   12.00973614  -47.66345964
    -23.21554564  152.92327469  281.3566636   187.36762222 -108.56009925
   -192.67898255 -245.63247216]
  [ -92.29147938 -137.04562426 -539.6380214  -780.03710205 -136.06588421
   -576.1077402  -904.17029566  196.58600372  496.95409973  592.58600201
    726.86192101  472.12135141  188.67731492  -61.7263445   444.40109418
    123.42371541 -140.52867443]]]