[[[ -26.74244545 -111.84275893  -56.71844586 -147.1771295    69.65613439
    158.92456474   35.96378775  -49.96143937  -20.18133733   59.5551641
     24.25681821   96.01585596  119.89797871  206.57065107 -140.97019524
   -235.74071488 -109.86855077]
  [  18.09947613  -99.72198401 -164.16452686  -37.45880854  135.92098054
     49.56882865  120.91921889   32.21951564   -4.87237583  -67.52204704
    -41.59477024  129.26529298  258.99890797  172.88995957 -114.83149213
   -181.89917367 -250.64654119]
  [ -71.70414465 -160.93306951 -620.6328224  -895.86467468 -158.9425231
   -566.22899578 -879.3276788   208.41796124  448.75132508  589.67440893
    670.07696473  424.24599648  145.23378944  -98.50860177  419.8774556
     82.94344603 -174.58722834]]]