[[[ -7.42720121e+00  -1.00600872e+02  -7.02446984e+01  -9.57932897e+01
     1.01341803e+02   1.53168905e+02   6.63832392e+01  -3.23292343e+01
    -9.85146988e-02   6.22390817e+01   1.51945460e+01   1.25830476e+02
     1.54298130e+02   2.41177636e+02  -1.29215670e+02  -2.59690257e+02
    -1.35368195e+02]
  [  1.79909212e+01  -8.42342882e+01  -1.65910882e+02  -3.32756575e+01
     1.20216107e+02   2.64254342e+01   9.25153600e+01   4.31763379e+01
     9.55198845e+00  -6.13415746e+01  -3.08363219e+01   1.29738445e+02
     2.49699063e+02   1.57137970e+02  -8.55191454e+01  -1.35469582e+02
    -2.20906756e+02]
  [ -8.27494447e+01  -1.15095176e+02  -5.45935695e+02  -7.84958151e+02
    -1.37672356e+02  -5.55138520e+02  -8.93628275e+02   2.00107646e+02
     4.90247991e+02   5.89293851e+02   7.18576731e+02   4.65267953e+02
     1.80155043e+02  -7.16938134e+01   4.62224721e+02   1.17686537e+02
    -1.50341257e+02]]]