[[[  -3.54936732 -134.18886042 -118.27195122  -81.41659871  101.9367935
    130.62345945   85.58005045   -7.26829535   16.54675745   27.32453806
     21.66013301  164.00332979  268.01750341  268.29059308 -158.20897101
   -264.1672777  -214.82491066]
  [  20.78880385   -5.5262229  -142.95734978   20.93439455   47.1038165
    -88.87223231   32.63126077   64.59811193   34.44200705  -62.78761129
    -10.05888048   77.29427532  114.66536312  -10.09528478   16.62669989
      6.22978055 -105.45386866]
  [-100.44786546 -147.06021859 -564.58831443 -808.15615112 -147.82276713
   -603.03448316 -928.28232157  193.99742362  506.2791361   607.31847655
    743.01046543  477.93267093  157.12208326  -69.47143312  455.38223911
    158.6522121   -69.06336611]]]