[[[ -1.47963228e+01  -1.55660171e+02  -1.05848068e+02  -1.23138116e+02
     1.12542270e+02   1.12731541e+02   6.31234668e+01  -1.84131859e+01
    -2.15441510e+00   2.02160892e+01   2.59460527e+00   1.46729535e+02
     2.83507842e+02   2.93136654e+02  -1.54542007e+02  -2.90870858e+02
    -2.42166928e+02]
  [  1.98482330e+01  -1.49667221e+01  -1.44113902e+02   9.83012753e-01
     5.46631692e+01  -6.66743652e+01   7.82837053e+01   5.74114143e+01
     2.49283474e+01  -7.03621889e+01  -1.84787368e+01   7.69757183e+01
     1.36203787e+02   1.13314991e+01   2.17084000e-01  -2.10657454e+01
    -1.34257872e+02]
  [ -8.86329769e+01  -1.79906630e+02  -5.84327691e+02  -8.98192015e+02
    -1.82347875e+02  -6.43515177e+02  -9.18847614e+02   2.01957505e+02
     4.49044548e+02   6.09823949e+02   7.12778764e+02   4.20342181e+02
     1.17926923e+02  -1.54266634e+02   4.23000684e+02   1.25297829e+02
    -7.50499983e+01]]]