[[[ -17.85750226 -158.01648412 -110.80824124 -151.7133555    99.52145478
    134.44600545   65.74488156  -23.38723292  -10.50950472   21.66343375
     -4.95174972  160.62649193  267.21839021  311.65161927 -157.24357045
   -290.27848639 -241.65592495]
  [  22.01710743  -23.5308468  -119.21379315   45.84854952   67.56504807
    -32.58421369  117.25628148   47.38976756   10.38482558  -81.65261622
    -35.47129042   72.84328582  134.89849409   11.54247246  -22.54781657
    -57.96877776 -173.06430197]
  [ -75.39416216 -145.75950216 -654.1055286  -925.21256326 -170.77460106
   -628.08365954 -918.17806318  205.28892342  433.97585033  592.56552513
    686.94512207  406.93303055  117.80732664 -104.32187658  408.61003339
    123.38640648  -35.032076  ]]]