[[[ -11.86475906 -172.68930232 -129.05901384 -117.31676797  110.09133655
    137.98444084   95.24184953   -6.61229816   21.91512945    7.37860868
     -8.58733783  179.71594685  329.37987974  333.96886378 -168.99561453
   -320.03363503 -313.69069366]
  [  15.35761939   10.52738781 -148.59423783  -14.0176933    20.18783842
   -131.93286733   20.7816318    69.71132449   50.38239181  -50.8300486
      7.62195609   71.63606186  103.25324834  -34.75186538   57.02306759
     41.69800967  -89.09530924]
  [-112.90969025 -207.79036476 -583.70221538 -916.23096798 -212.55323778
   -681.85511409 -947.2227528   188.46075626  444.64198958  617.74188937
    718.57873584  414.43924869  104.66067028 -134.64158337  419.81397878
    150.66875622   26.62571066]]]