[[[ -5.84643834e+00  -1.35099170e+02  -1.69973121e+02  -9.95152696e+01
     1.03359031e+02   1.21778599e+02   1.36750944e+02   9.06796779e+00
     2.23679638e+01  -1.96852114e+01  -1.48875061e+01   1.75272990e+02
     3.28128022e+02   3.21289744e+02  -1.58969809e+02  -2.76448730e+02
    -3.16818014e+02]
  [ -1.57656794e+01   3.04710064e+01  -4.81111269e+01   1.14499488e+02
    -6.20023465e+01  -1.33179255e+02   3.22669808e+01   4.01436650e+01
     3.29775270e+01  -5.77307136e+01  -5.76824563e+00   1.77344027e+00
    -9.78445142e+00  -1.34757675e+02   9.19150412e+01   1.21042487e+02
    -5.71718316e-01]
  [ -1.06360973e+02  -2.06716320e+02  -7.21086575e+02  -9.80310798e+02
    -2.07651459e+02  -6.92668836e+02  -9.74611041e+02   1.92891869e+02
     4.40408276e+02   6.18304993e+02   7.10045843e+02   4.12752198e+02
     1.42012114e+02  -9.16396015e+01   4.15806493e+02   1.84965494e+02
     1.04002158e+02]]]