[[[  -47.11809885  -179.42246692  -216.93833533  -147.65519401
      63.94272754    79.8816517     89.02863811   -20.71858139
     -15.16886717   -55.91834019   -52.87894926   141.20906676
     296.67221096   282.63794374  -168.24389515  -320.71972474
    -360.84986277]
  [  -15.09323487    38.19345868   -73.84242728    41.31662977   -68.379929
    -174.73838619    11.18752372    62.65513611    77.57817215
     -15.26125434    46.96904791    32.66468191   -32.13512352
    -165.48278512   142.69421341   163.38674643    25.85420941]
  [ -156.07045795  -198.70795665  -681.12780718 -1032.83939644
    -226.57994086  -671.95643748  -898.47870758   165.33755343
     501.50278346   633.57855325   779.97300475   475.00064175
     213.38215302    98.16682311   474.72156522   216.77714      179.17693068]]]