[[[ -8.63553369e+00  -1.30682596e+02  -1.95417739e+02  -1.14960051e+02
     1.06474751e+02   8.58184955e+01   1.01397923e+02   1.54382909e+01
     3.17407009e+01   4.53476970e-01  -9.77743229e-01   1.82890411e+02
     3.27120305e+02   2.69209992e+02  -1.18542287e+02  -3.00184708e+02
    -2.57449583e+02]
  [ -1.00885425e+01   3.54738063e+01  -9.49688920e+01   6.25893842e+01
    -5.56508770e+01  -1.74087799e+02  -3.46084736e+00   7.13698992e+01
     9.24204830e+01   2.85347727e+00   7.31686935e+01   5.80644307e+01
    -3.64969403e+01  -1.84288674e+02   1.41009888e+02   9.49931313e+01
    -7.21169148e+01]
  [ -1.62732533e+02  -2.61321979e+02  -7.23258059e+02  -9.76057442e+02
    -2.88069196e+02  -7.25401112e+02  -9.78662917e+02   1.40720710e+02
     4.10156283e+02   5.96465693e+02   6.78985539e+02   3.83104531e+02
     7.81157182e+01   2.07267945e+02   3.85708204e+02   1.12272350e+02
     2.83720751e+02]]]