[[[   3.27098898 -134.94859879 -171.7768328  -107.18581213  115.17682643
    126.23513858  111.10360336   18.06267806    7.7662838    -8.87869409
      4.00453577  174.24446806  230.59094126  103.40288761 -131.11051282
   -217.75005791 -105.83507918]
  [  36.71877753   72.54685628  -85.98746159   48.01400476    0.8906946
   -149.695524      9.16947265   78.16377008   38.80775852  -60.00188958
     -6.05404914    9.82915957  -21.48611383 -119.72158672   84.22013192
     99.04030013  -36.48913441]
  [ -90.8019871  -173.19520107 -593.7543365  -886.08494901 -197.34121095
   -595.83339572 -883.87222406  199.17993568  462.29164013  608.37964779
    706.58386294  432.07717748   70.49272385 -116.63349483  434.57909855
     98.95718263 -115.20460466]]]