[[[   -2.51708427  -130.71560634  -197.02977569  -108.70929849
     133.29471337   118.13571809   124.32546644    13.54539499    22.967775
     -16.39905283   -11.25793386   143.08499569   317.3356314
     216.86692102  -124.62667924  -311.34977086  -301.03145497]
  [   -8.68896716    31.87231473  -108.32117479    29.59164115
     -49.25025653  -185.20319205    -7.69903489    83.77645297
     121.80234194    33.81062966   107.88562446    81.48769451
     -71.18654261  -213.53161765   168.09490052    90.52918649
     -90.79194443]
  [ -204.70828505  -283.50232794  -734.77831073 -1007.51985475
    -280.77549329  -640.05898478  -880.43604834   104.01997737
     415.80161341   568.79035785   682.0029803    418.26407686
     164.9863016    382.08404946   390.23237131   160.37650893
     417.33965717]]]