[[[  -1.30330031 -124.69521916 -190.03221807 -125.42223627  129.37424563
    157.01263533  142.05344636   10.39972354   21.71950758    6.31822329
     -8.4551919   168.62657293  352.04841058  218.76822005 -120.2197352
   -347.26158296 -256.88564483]
  [ -21.13862192   -2.83373438  -81.92784167  102.86949295  -39.44349957
   -106.73632904   94.92002553   62.10199866  106.68230373   21.22735328
     89.3526884    90.83700546  -77.59841622 -218.83478271  127.03674436
      6.16709929 -154.68962972]
  [-195.06535969 -311.35794612 -771.54307111 -986.33664108 -336.82630323
   -801.11569077 -994.96034995   99.1126848   343.28871235  536.71562034
    578.05676297  321.96885445  171.78261605  464.45676113  322.74464379
    197.23944453  425.43621422]]]