[[[   -6.97396462  -150.87690688  -146.89495164  -127.9535743
     105.04858685   166.03488251   121.2832485     -3.57328304
      -1.88989898     2.11201908    -1.87735311   170.36014355
     330.90257185   272.86800224  -150.30658888  -343.66985387
    -249.69863365]
  [  -36.75031785   -36.75685464   -90.80356514   104.40645923
     -36.74376788   -97.02391279    97.34817493    55.84657738
     112.13390711    28.21434918   102.52449265   113.48475669
     -28.77570988  -182.04495772   113.4041429    -35.08767361
    -183.37610057]
  [ -202.38502199  -337.01674553  -807.3595149  -1012.08034466
    -338.96468538  -808.63052847 -1010.63338649    98.43319296
     353.37221087   553.67559756   592.33791575   330.6506722
     175.61809117   433.68513168   333.50016038   210.09939008
     479.56671104]]]