[[[  1.02110060e+01  -1.20620304e+02  -1.61885470e+02  -8.73209456e+01
     1.24177455e+02   1.00101150e+02   1.12749918e+02   2.78461748e+01
     1.77271990e+01  -1.82503294e+01   1.16301146e+01   1.55333658e+02
     2.37423288e+02   7.67994325e+01  -1.44612052e+02  -2.02333159e+02
    -9.37413120e+01]
  [  3.57650164e+01   8.92732459e+01  -5.98473042e+01   6.56200002e+01
    -1.77432169e+01  -1.56434589e+02  -1.37137294e-01   7.20824238e+01
     3.22668220e+01  -6.22429321e+01  -1.01684731e+01  -1.48950765e+01
    -5.34379314e+01  -1.32053311e+02   9.62918146e+01   1.23635332e+02
    -1.62788683e+01]
  [ -8.89704895e+01  -1.72204960e+02  -5.92382714e+02  -8.85933167e+02
    -1.95824861e+02  -5.93845962e+02  -8.83065726e+02   1.99552198e+02
     4.60666108e+02   6.06685033e+02   7.04062290e+02   4.30940859e+02
     7.12078926e+01  -1.15589643e+02   4.32717231e+02   9.80860008e+01
    -1.15388261e+02]]]