[[[  1.56291339e+00  -1.29614311e+02  -1.58562001e+02  -1.13294806e+02
     1.34978166e+02   1.61128420e+02   1.35136276e+02   6.86252445e+00
     2.35293142e+01   7.49653005e-01  -7.91294077e+00   1.70949458e+02
     3.60053329e+02   2.67404490e+02  -1.58709614e+02  -3.57586775e+02
    -3.05657537e+02]
  [ -2.23364759e+01  -1.14654991e+01  -1.12378939e+02   6.53468849e+01
    -3.32074369e+01  -1.29088364e+02   6.02113449e+01   6.86564835e+01
     1.12958243e+02   2.28032118e+01   9.75575056e+01   1.04723366e+02
    -2.96886030e+01  -1.84824165e+02   1.28587367e+02   1.27191312e+01
    -1.51547827e+02]
  [ -1.98696526e+02  -3.28782481e+02  -7.67139210e+02  -1.00885794e+03
    -3.29419084e+02  -7.96174445e+02  -1.01747279e+03   1.10863012e+02
     3.71268371e+02   5.76455828e+02   6.39376560e+02   3.47572011e+02
     1.53407199e+02   3.69499159e+02   3.48672581e+02   1.85538483e+02
     4.09203764e+02]]]