[[[   -4.92965564  -118.3896111   -143.9328234   -109.27131626
     113.69043853   101.31539475    99.4889699      3.73829561
       6.80034979     7.69925205     7.55093205   182.57691563
     337.69471179   284.31931106  -144.64649679  -338.30461734
    -288.67450497]
  [  -35.63799253   -24.45555747  -113.52886395    61.85408383
     -46.82041287  -127.35568829    55.71450082    61.24763023
     112.76447515    27.18071138   106.80870994   107.13681164
     -13.9447789   -173.21248165   125.29144158    19.45697349
    -142.39676177]
  [ -193.88349504  -321.57781182  -762.13278355  -999.0230295
    -322.66192328  -792.27063475 -1009.6431795    112.28764027
     380.05804712   583.47084214   649.89389478   355.29934084
     125.04320121   377.74028339   357.6895387    161.96210353
     381.85526211]]]