[[[   -5.03311374  -119.67720454  -147.73553618  -100.74639618
     114.88601465   100.44544043   104.40983416     7.8126085
       8.83540341     5.69968457     8.51069685   186.99728964
     342.28327577   285.75671592  -144.10049709  -341.88922452
    -294.31237434]
  [  -32.28127313   -11.02522187  -110.70325784    62.40242211
     -53.53731085  -148.582314      27.26467577    65.75103699
     116.56036408    30.07091315   110.24383676   100.57692499
     -30.71265018  -187.26882708   139.64862012    43.66613596
    -122.83499016]
  [ -199.42861086  -329.41180239  -771.29832293 -1003.18993509
    -329.82247939  -771.9281291  -1004.01676083   109.92284168
     381.09472731   585.89693387   654.22721118   356.58549724
     123.94746009   378.8473562    358.0389753    159.40337262
     382.79281279]]]