[[[   -5.95665708  -122.49093009  -150.84232751  -103.77443253
     111.92027249    97.21443098   101.19354213     7.98650401
      37.5209134      8.94271152     7.50698652   185.00978453
     339.22657233   282.11300243  -145.80720312  -344.18244897
    -297.18905299]
  [  -33.05608443   -12.21673392  -113.91313456    57.55387362
     -53.89542225  -148.96688156    26.02998446    66.38073703
     118.47413174    32.12597659   112.62216731   102.58815231
     -30.36124383  -186.63371379   140.85918006    44.52957182
    -122.64642357]
  [ -199.77099193  -329.16292542  -770.05198856 -1001.31679581
    -329.75930485  -771.18203665 -1003.18387172   109.26403892
     380.67551787   585.69656519   653.62875834   355.75543501
     122.83619711   378.18691731   357.98890364   160.1581823
     382.81303228]]]