[[[  -1.05332583 -118.38442905 -184.64945878 -107.74583307  141.26429549
     94.33240886  111.14156132   14.19979043   38.61315354    6.71452171
      8.27582442  183.44961195  332.20837157  271.42066941 -140.32311189
   -335.99043571 -290.21689981]
  [ -18.54101493   13.57859841 -103.01892824   70.60094319  -50.66062619
   -156.72569544   16.63634373   70.99152234  111.50436395   24.02194878
     99.78286182   85.77246762  -56.03179204 -203.87466863  145.42513418
     58.48453272 -110.12457662]
  [-192.85594496 -317.70051251 -775.8114184  -996.84341648 -316.67057117
   -747.90720441 -991.52665409  112.29072585  375.03696337  575.12958753
    640.63722357  350.89866516  123.13409715  370.44845897  351.97995882
    157.02801127  374.73248589]]]