[[[  -7.10877569 -147.99220236 -180.29199829 -125.94064429  106.38903294
    121.32253325   88.62659981    6.62232586   28.43441264    9.09693431
     29.64482612  169.45154564  223.41921105   94.79705963 -140.91944864
   -228.78083981  -75.47413216]
  [  39.93510689   57.55006301 -120.27285203   21.15757579   22.3201395
   -148.64663335    2.72593157   88.31382834   52.30073198  -49.90254041
      8.79037991   42.32898682   10.40894151 -100.30506575   74.77957722
     64.41198722  -64.09745984]
  [-100.45284934 -196.64260468 -591.81310562 -883.22320529 -198.88732316
   -594.48403537 -884.74409117  193.6924176   468.76002099  612.6456762
    715.52721974  414.32136906   72.33639977 -111.22042197  441.84606244
    105.63569847 -108.87651417]]]