[[[ -7.19390055e-01  -1.19046538e+02  -1.85946352e+02  -1.07747400e+02
     1.42333026e+02   9.48911704e+01   1.12413555e+02   1.43620919e+01
     3.89910430e+01   5.40929362e+00   7.95741915e+00   1.84758227e+02
     3.34157695e+02   2.73431473e+02  -1.41132435e+02  -3.38014056e+02
    -2.92380671e+02]
  [ -1.77872613e+01   1.57067209e+01  -1.02377061e+02   7.13911275e+01
    -5.12812380e+01  -1.58799090e+02   1.47835642e+01   7.11269031e+01
     1.09725647e+02   2.14754428e+01   9.68970368e+01   8.30274841e+01
    -5.25241656e+01  -1.99549249e+02   1.45307958e+02   5.95027844e+01
    -1.08848415e+02]
  [ -1.91421596e+02  -3.16523746e+02  -7.77613735e+02  -1.00207012e+03
    -3.15559433e+02  -7.49631463e+02  -9.97315988e+02   1.15971780e+02
     3.80509199e+02   5.81006065e+02   6.47771622e+02   3.55874280e+02
     1.24162130e+02   3.38994228e+02   3.57349142e+02   1.61149464e+02
     3.79333942e+02]]]