[[[   2.70209779 -115.74219439 -185.55950911 -101.44416515  146.57511044
     95.82410173  111.28117037   23.65757287   43.25695324    5.82984825
     11.77508378  190.0380359   338.34579474  275.88006453 -136.5156297
   -333.92680806 -329.95100311]
  [  -9.51025328   31.75479432 -109.96920976   45.036704    -50.77529161
   -184.4742252   -13.53204087   79.74591956  116.76105733   27.42349356
    104.14707692   80.52844744  -73.32745777 -222.74550159  162.10331446
     94.68304246  -83.07299362]
  [-201.41142529 -317.12775158 -740.11330913 -985.56785856 -341.27928714
   -740.22727223 -986.04197849  109.65129591  381.82425074  580.94762075
    650.05865896  358.24170897  128.44525723  377.45454027  357.00232742
    124.21300108  342.84997176]]]