[[[  -8.23580552 -140.49893482 -211.31298363 -126.37838313  118.74449778
     99.91183392  100.64938428   18.68113414   51.98711066   13.26991145
     22.58218046  196.19700592  341.15892737  281.42332142 -125.86855187
   -320.10513023 -314.21927697]
  [ -15.21097505   26.17817799 -114.89407687   40.09354693  -56.60012867
   -186.18241907  -20.14265761   78.99785247  117.81649311   28.40160685
    103.27255958   83.15700613  -57.39267996 -211.13653597  161.90994601
     98.4665486   -76.48399109]
  [-193.69899845 -302.92557599 -748.29971165 -982.20618668 -327.97034602
   -722.26408571 -976.28845065  113.34582526  384.53486324  580.38972032
    648.7784131   358.90692425  101.82075466  341.66678832  361.31947697
    131.14147693  345.23537101]]]