[[[  -3.69012426 -133.47568579 -203.87870933 -119.47008208  124.96433208
    106.7573989   108.64927887   21.03326037   27.59221656   11.7754528
     26.72454564  200.24787125  343.00593839  246.71864871 -120.64498228
   -313.27776661 -304.73380753]
  [  -9.94985123   30.68598435 -111.28833335   45.60064482  -50.585686
   -181.11930212  -11.46289896   80.17198922  114.90736504   25.12930248
     99.12421135   79.81449562  -64.21132236 -213.8870177   158.98701969
     92.01762281  -86.20830158]
  [-192.12895439 -301.78969571 -746.15131122 -980.06887752 -326.35811192
   -719.73861364 -973.70754055  114.0091061   383.39799209  577.66255526
    646.4764734   358.08158297  101.46854703  341.1819424   359.83474739
    129.56338868  344.32078837]]]