[[[   4.60531012 -122.44306678 -192.33907377 -113.55304715  145.03794868
    129.86821996  118.75794406   18.9759051    36.62253156    2.59496319
      4.17136056  185.65193797  368.71919422  275.02829138 -146.23521047
   -345.69244019 -338.38969312]
  [   1.67909558   34.57131109 -126.31404952   29.49389172  -31.21310794
   -185.86198699  -20.13866661   87.73960019  115.19538868   21.61117868
     94.56823742   88.59000145  -42.72056232 -201.61854922  154.32784346
     79.15635194 -102.0056185 ]
  [-196.55844696 -310.42503089 -731.26776229 -976.00731382 -334.8171718
   -703.20645012 -969.13887257  112.97319053  388.86493232  575.57690761
    632.674475    364.1273724   101.70706568  312.65331156  364.84866372
    132.13545338  352.56966465]]]