[[[  -6.98196788 -145.37543581 -179.65466136 -116.78928599  122.82039431
    106.58907044  102.40031487   13.17297153   16.34608852    7.61889267
     15.49224331  192.22234351  373.76410623  284.69318661 -134.91739726
   -330.60653456 -321.37340393]
  [ -15.70459079   16.79504514 -119.21080317   41.50465946  -48.20421736
   -177.78831314  -11.85375568   76.95564994  114.81252835   24.26146971
     99.78557757   89.96822692  -32.94513042 -191.87339165  151.15037174
     78.3031961   -95.90227602]
  [-191.53613622 -300.18215972 -750.80173714 -989.65240723 -325.81429689
   -724.04213532 -983.34558652  116.45506928  391.86871493  584.21799698
    658.35507574  341.81339929  106.54515463  315.4705469   368.54260357
    137.91212211  354.39587415]]]