[[[  -7.0005148  -146.02454835 -180.95413971 -117.68706522  127.99112583
    111.98961959  103.22330172   14.20631666   19.3358031    10.13688364
     18.99250881  199.00338209  351.14667113  293.69505341 -135.22465836
   -333.6212921  -326.32952545]
  [ -14.61551054   16.60489482 -125.30884509   31.6113674   -45.83590525
   -181.01800265  -11.380352     79.64856856  117.07397093   24.75910655
    102.57719563   92.28401014  -35.80769385 -195.94275616  152.43604029
     83.38895824  -90.74473047]
  [-195.97000257 -308.08260238 -738.97449985 -994.1534433  -334.78970637
   -740.6594783  -994.93581752  118.40652611  401.50399466  596.33207599
    674.7218848   350.08130765  107.55816973  322.49208634  377.63777714
    138.93090458  326.17649975]]]