[[[  -10.63336467  -166.0070438   -198.54310333  -145.10416916
     140.23120915   131.56307729   101.48463778     1.0620464
      27.49139586    13.72934646    29.71749666   177.57607272
     370.29331125   357.79242911  -158.95118443  -360.8147646
    -350.34889585]
  [  -19.95997435    -8.166129    -141.99620612    29.63843169
     -31.7538121   -159.9981985      7.96712077    76.49519639
     118.37294887    23.8951384    100.51014779   115.88140756
       8.99435278  -159.48918483   132.97529456    37.13483122
    -129.26246368]
  [ -198.42873591  -312.00025316  -772.6580941  -1014.44297098
    -338.47956218  -746.46614263 -1010.0350639    118.11088843
     395.30873554   595.21806937   667.20504112   343.54115932
     132.7411022    317.06310825   373.31620068   175.24136364
     357.17864052]]]