[[[ -6.91577780e+00  -1.50126506e+02  -1.80197162e+02  -1.28868407e+02
     1.22699752e+02   1.45052344e+02   1.10942631e+02   3.55261819e+00
     8.97032474e+00   7.81640685e+00   9.27019060e+00   1.86904176e+02
     3.77347878e+02   3.26564530e+02  -1.45335424e+02  -3.74259276e+02
    -3.26890827e+02]
  [ -1.73915461e+01  -5.29711482e+00  -1.47044087e+02   1.50436459e+01
    -2.94859631e+01  -1.65831538e+02   6.04034164e+00   8.17162679e+01
     1.26356289e+02   3.22852213e+01   1.10099065e+02   1.20799336e+02
     1.86472709e-01  -1.68698279e+02   1.41618362e+02   3.51037729e+01
    -1.35077273e+02]
  [ -2.08621626e+02  -3.39960468e+02  -7.36549696e+02  -9.96069039e+02
    -3.41947995e+02  -7.66468012e+02  -1.00596031e+03   1.08018952e+02
     3.83763464e+02   5.87111957e+02   6.52202190e+02   3.57978011e+02
     1.28929399e+02   3.43580469e+02   3.61275431e+02   1.68503021e+02
     3.83015781e+02]]]