[[[  -7.71042849 -142.03871905 -169.38072017 -131.40190466  127.77128381
    119.94390954   92.51226039   -3.00728572   12.85385068    7.49435824
     14.54564176  165.03689412  384.47840498  297.06141639 -170.07644074
   -366.64339411 -273.5521272 ]
  [ -22.87293232  -20.19235478 -145.84213935   24.66166802  -25.55349428
   -145.17919868   24.55844351   78.04954368  132.32404958   42.55301783
    122.66451726  135.65617422    6.67536421 -159.62508912  133.50147008
    -11.08109085 -170.29794903]
  [-215.98764982 -337.5145653  -762.68014511 -995.41870934 -363.72509438
   -764.7220238  -998.9854826    94.90007532  361.59994959  570.01264549
    629.67170053  336.92574461  147.87858623  399.26625623  340.28665415
    181.23156715  437.8516136 ]]]