[[[  -8.18995713 -136.92912525 -157.97730644 -124.1903651   120.66672758
    147.70525897   96.06717879   -8.03159104    8.0806117     9.66908735
     11.24882172  151.11932145  241.15991608  119.70489261 -163.14877909
   -247.64890041  -93.98143891]
  [  42.83072859   32.37293445 -140.63406628   15.67099997   53.28852208
   -120.26219631   27.57052705   87.41492344   48.99154508  -54.31355473
      3.37802999   68.91677694   50.85628639  -79.84257648   43.86090195
     16.78582112  -97.97425149]
  [-103.98988126 -204.31324898 -604.04122831 -896.71244461 -204.95936144
   -604.71669125 -898.08388166  193.65009753  467.19350025  613.36438031
    715.73269     414.72280139  100.58395932  -75.90703767  438.73299779
    100.3295202  -115.21212495]]]