[[[ -2.62586392e+00  -1.38426533e+02  -1.65571410e+02  -1.29226933e+02
     1.33066318e+02   1.60970364e+02   1.16452614e+02  -8.78031416e-01
     1.51476369e+01   7.24736288e+00   1.66692809e+01   1.67754987e+02
     3.53188033e+02   3.00937375e+02  -1.68178765e+02  -3.63145249e+02
    -3.12412038e+02]
  [ -1.00936026e+01  -1.17642335e+01  -1.38782061e+02   3.51290957e+01
    -8.42295937e+00  -1.37244721e+02   3.24683781e+01   7.84568839e+01
     1.15129325e+02   2.34986303e+01   9.78130243e+01   1.21807805e+02
     6.04195067e+00  -1.62879211e+02   1.18591622e+02   4.10631893e+00
    -1.63856244e+02]
  [ -1.91879193e+02  -2.99905123e+02  -7.55000402e+02  -9.85866106e+02
    -3.25068482e+02  -7.27749781e+02  -9.78064405e+02   1.11342257e+02
     3.69180992e+02   5.67591127e+02   6.36127324e+02   3.44430622e+02
     1.13546772e+02   3.64061538e+02   3.46919657e+02   1.45566558e+02
     3.67057510e+02]]]