[[[ -3.03065039e+00  -1.31302065e+02  -1.56664908e+02  -1.23575777e+02
     1.25813809e+02   1.51997643e+02   1.11085439e+02  -3.91651894e-01
     1.44790137e+01   7.41601238e+00   1.58961039e+01   1.58761333e+02
     3.30189315e+02   2.41165609e+02  -1.58786697e+02  -3.39628729e+02
    -2.51920428e+02]
  [ -8.27963780e-01  -2.12979595e+00  -1.28968434e+02   4.03589504e+01
     4.73881742e-01  -1.26370018e+02   4.51166945e+01   8.06244533e+01
     1.12171009e+02   2.47373573e+01   9.73143729e+01   1.17177691e+02
    -9.17611509e+00  -1.77053092e+02   1.14381669e+02  -1.06997149e+01
    -1.77130946e+02]
  [ -1.81351466e+02  -2.80634891e+02  -7.12002347e+02  -9.39601690e+02
    -3.04959535e+02  -7.13464908e+02  -9.40149249e+02   1.04958131e+02
     3.50664357e+02   5.37486342e+02   6.02823971e+02   3.26671183e+02
     8.15059071e+01   3.80780165e+02   3.29198851e+02   1.12085277e+02
     3.83668414e+02]]]