[[[ -3.38939178e+00  -1.31649979e+02  -1.57264780e+02  -1.21172387e+02
     1.25871189e+02   1.52078014e+02   1.09754431e+02   1.72286049e-01
     1.49901136e+01   7.07835665e+00   1.59454357e+01   1.59487847e+02
     3.30927084e+02   2.41304217e+02  -1.58672601e+02  -3.40717987e+02
    -2.52298553e+02]
  [  5.14678312e-01   6.25218657e-01  -1.36530400e+02   2.51583673e+01
     4.04152436e-01  -1.35135337e+02   3.47150701e+01   8.47312382e+01
     1.18689711e+02   3.15117837e+01   1.05336117e+02   1.21983508e+02
    -6.65908732e+00  -1.76328821e+02   1.21511929e+02  -1.10376180e+01
    -1.79490509e+02]
  [ -1.87274186e+02  -2.87136365e+02  -6.88628114e+02  -9.25126316e+02
    -3.12208542e+02  -7.17388387e+02  -9.34136951e+02   9.84776834e+01
     3.44953321e+02   5.32130187e+02   5.97613203e+02   3.20850128e+02
     7.51045794e+01   3.76151565e+02   3.23893038e+02   1.08789927e+02
     4.13272150e+02]]]