[[[ -3.62385162e+00  -1.32876612e+02  -1.58497874e+02  -1.22976898e+02
     1.26890458e+02   1.53448069e+02   1.09902203e+02   4.46454088e-02
     1.48337243e+01   8.08455602e+00   1.62483108e+01   1.60603901e+02
     3.33438526e+02   2.43584600e+02  -1.60251607e+02  -3.43031232e+02
    -2.54390264e+02]
  [  1.41733859e+00   3.77429117e-01  -1.38749466e+02   2.34246544e+01
     2.45726196e+00  -1.34961890e+02   3.55746853e+01   8.50904668e+01
     1.17295001e+02   2.89342413e+01   1.02617462e+02   1.21984630e+02
    -6.11796973e+00  -1.76079695e+02   1.19396873e+02  -7.35422669e+00
    -1.75306795e+02]
  [ -1.86190822e+02  -2.86389224e+02  -6.91079950e+02  -9.31813466e+02
    -3.11580890e+02  -7.19991735e+02  -9.40351184e+02   1.02080064e+02
     3.50582166e+02   5.38370223e+02   6.05181862e+02   3.26316713e+02
     7.86469451e+01   3.81184491e+02   3.29054298e+02   1.09948623e+02
     3.84167951e+02]]]