[[[ -3.72385805e+00  -1.43554784e+02  -1.71259304e+02  -1.28982223e+02
     1.32269358e+02   1.59753315e+02   1.13283936e+02  -4.86289013e-01
     1.32548035e+01   6.18051299e+00   1.42330691e+01   1.67913037e+02
     3.50974906e+02   3.01348800e+02  -1.72525946e+02  -3.34557536e+02
    -3.17849720e+02]
  [ -2.57232245e+00  -1.87777047e+00  -1.50830049e+02   1.38511329e+01
    -3.26686229e+00  -1.49449954e+02   1.79054401e+01   8.48964474e+01
     1.13794401e+02   1.95539441e+01   9.46455303e+01   1.19782782e+02
     2.20123367e+01  -1.51503487e+02   1.19349780e+02   1.24463486e+01
    -1.58737698e+02]
  [ -1.86571735e+02  -2.91653508e+02  -7.19621095e+02  -9.72369780e+02
    -3.18084557e+02  -7.21207565e+02  -9.74285831e+02   1.19494121e+02
     3.85287221e+02   5.79571848e+02   6.55983641e+02   3.59138241e+02
     8.87959668e+01   2.95757605e+02   3.62055683e+02   1.23495046e+02
     3.42469548e+02]]]