[[[ -28.91440321 -129.0096537  -134.65976007 -167.46444316   83.17117744
    157.95589725   55.71410137  -36.72633144   13.52988233   47.12394167
     26.20426648  144.35013686  199.10889342   96.87987752 -149.58675123
   -232.24037805  -75.7035882 ]
  [  38.64356923  -32.53216273 -138.78019368   24.25886664  109.81931503
    -10.47142075  113.37897887   57.62272609    8.21155283  -80.39723528
    -38.05539594   94.31969714  143.63147105    6.51943486  -57.28316407
   -106.18075243 -163.81206442]
  [ -76.94296089 -170.75270494 -601.13372998 -889.61610496 -171.25665741
   -601.42255447 -894.73142522  208.50069332  459.43960057  596.66325155
    701.50613757  408.24908745   95.81546256 -121.11355873  432.55176104
     99.88139875 -117.59696938]]]