[[[  -1.96015646 -144.47158341 -174.96011775 -124.11991299  130.57722835
    153.51012679  119.86851363    6.27745048   13.74338651    2.96928676
     12.55885495  192.64462203  344.40792044  292.61269525 -170.57336874
   -331.3072615  -318.74250291]
  [   7.24238354   20.87001225 -137.11541285   18.47244508   -6.38523038
   -160.94392257    8.40058042   86.02830698  102.18725457    6.32939566
     78.35235696   96.63481247   10.43300723 -157.52612794  122.55876227
     38.78074515 -134.41465963]
  [-168.95082389 -263.78400292 -687.54004659 -961.79548548 -290.51022807
   -717.80236945 -971.9052506   133.93524211  403.08803074  585.03853072
    670.60885743  376.11286969   72.93607994  204.23222983  349.41439354
    110.86343456  314.99949137]]]