[[[ -3.36690011e+00  -1.41945107e+02  -1.68960741e+02  -1.27854397e+02
     1.35958607e+02   1.63174615e+02   1.17618236e+02   3.49578820e-01
     1.64163064e+01   6.37212128e+00   1.68632048e+01   1.71600814e+02
     3.16914750e+02   3.04019050e+02  -1.70127720e+02  -3.27759798e+02
    -3.16153980e+02]
  [  4.30669915e+00   5.89602635e+00  -1.42899236e+02   2.01512861e+01
     2.71737972e+00  -1.44446482e+02   2.71771613e+01   8.13091179e+01
     9.22523486e+01  -5.67354791e+00   6.53276205e+01   9.94998276e+01
     3.63899750e+01  -1.31450893e+02   1.01693228e+02   2.76427859e+01
    -1.39893297e+02]
  [ -1.61239025e+02  -2.59692843e+02  -6.92705321e+02  -9.72660842e+02
    -2.86663966e+02  -7.23625407e+02  -9.83012717e+02   1.47375467e+02
     4.17886380e+02   6.03874073e+02   6.89277680e+02   3.89694050e+02
     7.61061726e+01   1.66278437e+02   3.93375912e+02   1.15591947e+02
     2.50031092e+02]]]