[[[  3.79218411e-01  -1.39306820e+02  -1.67380600e+02  -1.23564565e+02
     1.41310872e+02   1.70102231e+02   1.27804870e+02   1.00232997e+00
     1.73922486e+01  -2.21003275e+00  -1.49261246e+01   1.74752918e+02
     3.25348329e+02   3.13412458e+02  -1.71047522e+02  -3.30825704e+02
    -3.18832286e+02]
  [  3.76481288e+00   6.76742851e+00  -1.36012637e+02   2.91186404e+01
     7.62204351e-01  -1.40001720e+02   3.51766802e+01   7.89110671e+01
     8.99623592e+01  -7.63725390e+00   6.19616293e+01   9.58496918e+01
     3.28471378e+01  -1.34010601e+02   1.01441592e+02   2.39329992e+01
    -1.42834031e+02]
  [ -1.60290732e+02  -2.58915542e+02  -6.99629806e+02  -9.77583242e+02
    -2.85787970e+02  -7.30451907e+02  -9.86948206e+02   1.46786032e+02
     4.25763683e+02   5.99163198e+02   6.74469719e+02   3.98999360e+02
     8.54900346e+01   1.76916510e+02   3.69944548e+02   1.21526902e+02
     2.62408958e+02]]]