[[[ -1.83652919e+00  -1.38738175e+02  -1.65522553e+02  -1.24588370e+02
     1.38971135e+02   1.67265823e+02   1.22307394e+02  -6.98089410e-02
     1.82711148e+01   1.43302022e+00  -1.28781055e+01   1.73357394e+02
     3.17858347e+02   3.07455920e+02  -1.68008848e+02  -3.24744583e+02
    -3.13287470e+02]
  [  1.00008260e+01   1.26035201e+01  -1.38530928e+02   2.35989808e+01
     7.39813755e+00  -1.40134925e+02   3.09337385e+01   8.04446683e+01
     8.34178830e+01  -1.51311908e+01   5.25333123e+01   9.10986721e+01
     4.04891131e+01  -1.27424559e+02   9.51219905e+01   2.91205602e+01
    -1.35539800e+02]
  [ -1.51478582e+02  -2.47598497e+02  -6.80583380e+02  -9.63590897e+02
    -2.74498711e+02  -7.11466635e+02  -9.73297450e+02   1.53253581e+02
     4.26117043e+02   5.99609628e+02   6.71148928e+02   3.97969523e+02
     5.55190054e+01   1.37987821e+02   4.01607614e+02   1.22483261e+02
     2.25040977e+02]]]