[[[ -5.07143136e+00  -1.40816863e+02  -1.64611215e+02  -1.29603307e+02
     1.33543818e+02   1.63757244e+02   1.12929306e+02  -6.92636327e+00
     1.24295547e+01   9.09826497e-01  -1.72298170e+01   1.65414569e+02
     3.08583864e+02   2.98697385e+02  -1.71408022e+02  -3.20424021e+02
    -2.67936496e+02]
  [  1.63771471e+01   9.73969588e+00  -1.46921752e+02   1.62966086e+01
     2.30146004e+01  -1.31517265e+02   3.45085751e+01   8.40030513e+01
     8.36687821e+01  -1.44884572e+01   5.28856247e+01   1.01256374e+02
     5.65777607e+01  -1.14494952e+02   8.41508319e+01   3.13339904e+00
    -1.59061617e+02]
  [ -1.48264075e+02  -2.41406162e+02  -6.67031710e+02  -9.48657259e+02
    -2.67859069e+02  -6.97355483e+02  -9.58942936e+02   1.51904595e+02
     4.22218577e+02   5.91694562e+02   6.63734894e+02   3.94525008e+02
     5.58153133e+01   1.39681521e+02   3.97226145e+02   9.25092299e+01
     2.22555506e+02]]]