[[[ -1.04319536e+00  -1.37640329e+02  -1.63937091e+02  -1.22833067e+02
     1.38477591e+02   1.66242984e+02   1.21406755e+02   3.53032505e-01
     1.69310146e+01   5.47728559e-01  -1.35528472e+01   1.71244477e+02
     3.14892722e+02   3.04614977e+02  -1.67674206e+02  -3.20079998e+02
    -3.09519294e+02]
  [  1.43354491e+01   1.55875695e+01  -1.41361650e+02   1.76457324e+01
     1.30833340e+01  -1.41025573e+02   2.73385800e+01   8.21565066e+01
     8.06796388e+01  -1.81170671e+01   4.86218130e+01   8.98036023e+01
     4.09069895e+01  -1.26732007e+02   9.18985085e+01   3.56736916e+01
    -1.30495119e+02]
  [ -1.45999941e+02  -2.39068257e+02  -6.67002238e+02  -9.52794954e+02
    -2.65306125e+02  -6.97049688e+02  -9.61605683e+02   1.56033674e+02
     4.27990561e+02   5.97532541e+02   6.70821546e+02   4.00554185e+02
     6.04160738e+01   1.42615942e+02   4.02393879e+02   9.36530080e+01
     1.82465177e+02]]]