[[[  3.62758638e-01  -1.36687616e+02  -1.62381028e+02  -1.22976595e+02
     1.38614988e+02   1.65558023e+02   1.23187033e+02   3.35854050e-01
     1.55106720e+01  -1.13626337e+00  -1.44881262e+01   1.69650743e+02
     3.14249941e+02   3.03655225e+02  -1.68112412e+02  -3.17784955e+02
    -3.07785453e+02]
  [  9.09983785e+00   8.98236556e+00  -1.36487642e+02   2.91003557e+01
     9.21731481e+00  -1.35957874e+02   3.29371156e+01   7.77473858e+01
     7.74673274e+01  -2.16356938e+01   4.53472049e+01   8.72884075e+01
     3.87501255e+01  -1.23435088e+02   8.76895633e+01   3.85435059e+01
    -1.24654211e+02]
  [ -1.43633670e+02  -2.37253091e+02  -6.95306414e+02  -9.72120005e+02
    -2.62294692e+02  -6.95966102e+02  -9.71846233e+02   1.62248235e+02
     4.30214999e+02   6.09326874e+02   6.97491036e+02   4.03362857e+02
     9.18929553e+01   1.43812282e+02   4.03319425e+02   9.22497904e+01
     1.44565110e+02]]]