[[[  1.42318591e+00  -1.38462797e+02  -1.64716387e+02  -1.21576801e+02
     1.41230198e+02   1.67853867e+02   1.26015658e+02   5.36663135e-01
     1.55089522e+01  -1.57122821e+00  -1.47132203e+01   1.72530672e+02
     3.55098239e+02   3.08039486e+02  -1.71110016e+02  -3.58802348e+02
    -3.12456646e+02]
  [  8.76729513e+00   8.86124776e+00  -1.51087033e+02   1.27962111e+01
     8.67334771e+00  -1.49817368e+02   1.51465689e+01   8.38172445e+01
     9.09382392e+01  -1.05400344e+01   5.83672789e+01   9.98638484e+01
     3.68513588e+01  -1.25842667e+02   1.00829421e+02   3.81378455e+01
    -1.25762805e+02]
  [ -1.62150981e+02  -2.76675646e+02  -7.07865737e+02  -9.88548289e+02
    -2.76506367e+02  -7.07886040e+02  -9.88682165e+02   1.52068478e+02
     4.24712822e+02   6.11886170e+02   6.94904783e+02   3.98204935e+02
     1.19069434e+02   1.76826305e+02   3.97946194e+02   1.19142086e+02
     1.77510287e+02]]]