[[[  26.74623704 -106.73283069 -133.56097528  -92.88188366  162.34636766
    186.04612357  151.35155763   30.23145813   42.93161978   26.36284291
     14.52355355  194.12683351  368.9933395   280.3283561  -136.38069977
   -320.67384348 -271.61948851]
  [   9.59984718   14.90103032 -136.16834115   15.34928632    4.29867047
   -144.16063032   14.10496444   86.08302838  101.27646631    4.20451286
     75.25443124  100.47894337  -15.42503079 -175.01037767  114.96575746
     41.52457666 -124.53025924]
  [-171.42805401 -268.74056592 -685.19375612 -998.48199513 -268.35716508
   -684.99514678 -995.80427191  133.98780714  408.98626512  582.7880551
    668.43795041  384.12598164  128.0916795   344.39604498  383.39055431
    146.32808468  221.080006  ]]]