[[[   -1.86872361  -145.56809192  -173.88377048  -128.98748839
     131.66342176   157.74772152   121.63129371    -1.29145991
       8.83078288    -3.97055888   -22.32484774   190.09753582
     389.14551391   341.68260407  -177.45096697  -375.645621    -324.29428184]
  [  -10.06375111    -5.8996869   -143.772899      26.68842764
     -14.22780467  -148.22761239    22.05598159    79.38913599
     114.76859841    19.03647238    93.36853721   118.64308751
      21.12668587  -145.82503731   123.60718344     7.5231091
    -158.19042778]
  [ -195.67360986  -320.64383102  -753.80734041 -1007.241223    -321.26314707
    -754.38689376 -1009.44784483   118.31766397   383.42935757
     587.15666616   654.06177559   358.88033033   151.85422344
     297.88612114   359.64907125   157.01057996   378.26635987]]]