[[[ -3.55676569e-01  -1.35515489e+02  -1.63145401e+02  -1.27449631e+02
     1.31957432e+02   1.60178857e+02   1.23471485e+02   1.09778437e-01
     1.28728133e+01  -1.69946092e+00  -1.70342803e+01   1.64437148e+02
     3.87551472e+02   3.01874565e+02  -1.67982861e+02  -3.64701019e+02
    -3.10493237e+02]
  [ -2.28674669e+01  -2.23737589e+01  -1.23488330e+02   5.42278980e+01
    -2.33611622e+01  -1.21362625e+02   6.01734309e+01   6.88596275e+01
     1.17684088e+02   2.93066719e+01   1.03007492e+02   1.21444011e+02
    -8.15157266e+00  -1.69694811e+02   1.21721125e+02  -1.21562253e+01
    -1.72968393e+02]
  [ -2.01454115e+02  -3.15216975e+02  -7.73239217e+02  -9.97689940e+02
    -3.40388041e+02  -7.73829637e+02  -9.98040564e+02   1.00611548e+02
     3.49783300e+02   5.55765097e+02   6.14331312e+02   3.27925384e+02
     1.70764272e+02   4.23216782e+02   3.27666299e+02   1.69597117e+02
     4.23627826e+02]]]