[[[ -8.03043295e-01  -1.33685356e+02  -1.61501343e+02  -1.15142118e+02
     1.34669604e+02   1.24360481e+02   1.13373370e+02   4.93922527e+00
     1.70795632e+01  -4.20559138e+00  -1.35552459e+01   1.69156286e+02
     3.87964289e+02   3.42847199e+02  -1.62923026e+02  -3.56868396e+02
    -3.47544056e+02]
  [ -2.64234631e+01  -1.28294912e+01  -1.26272751e+02   4.29667129e+01
    -4.00174202e+01  -1.48788597e+02   2.52297236e+01   6.82117560e+01
     1.13818402e+02   2.37014694e+01   9.97941001e+01   1.08006104e+02
     1.04820282e+00  -1.62014790e+02   1.32086389e+02   3.54207041e+01
    -1.33879344e+02]
  [ -1.94971883e+02  -3.08772826e+02  -7.62381917e+02  -1.00366194e+03
    -3.33218058e+02  -7.62505923e+02  -1.00531621e+03   1.14353150e+02
     3.80811577e+02   5.83094386e+02   6.45915949e+02   3.58065459e+02
     1.65834920e+02   3.43170852e+02   3.56406611e+02   1.31700304e+02
     3.75758346e+02]]]