[[[ -2.14212376e+00  -1.42348316e+02  -1.74809901e+02  -1.18220787e+02
     1.38139861e+02   1.24443445e+02   1.10997834e+02   9.92654000e+00
     1.90939192e+01  -9.19106080e-01  -1.31526205e+01   2.03436563e+02
     4.02926434e+02   3.53325128e+02  -1.69126165e+02  -3.74149202e+02
    -3.67779146e+02]
  [ -1.40853180e+01   9.28666818e+00  -1.41377084e+02   1.28547434e+01
    -3.74572894e+01  -1.84511912e+02  -2.15972756e+01   8.12539771e+01
     1.21640862e+02   2.70788146e+01   1.04329975e+02   1.06461550e+02
    -1.09500261e+01  -1.76647448e+02   1.50703993e+02   7.30666263e+01
    -1.00028447e+02]
  [ -2.00512481e+02  -3.10044181e+02  -7.41980584e+02  -1.00298933e+03
    -3.36035253e+02  -7.42467996e+02  -1.00328362e+03   1.15657294e+02
     3.78733164e+02   5.93339623e+02   6.79410471e+02   3.54514302e+02
     1.45308599e+02   3.31164385e+02   3.53842197e+02   1.42966560e+02
     3.31956380e+02]]]