[[[ -4.54072069e+00  -1.38973597e+02  -1.67428063e+02  -1.20987127e+02
     1.32149411e+02   1.20859289e+02   1.01636212e+02   2.49183271e+00
     1.57960303e+01   3.14384197e+00   1.61836944e+01   1.68606438e+02
     3.51971012e+02   3.37524391e+02  -1.66252450e+02  -3.57300018e+02
    -3.13136136e+02]
  [ -1.41964505e+01  -2.79655461e+00  -1.36678223e+02   2.95333061e+01
    -2.55963356e+01  -1.61832926e+02  -1.73868438e-01   7.79165723e+01
     1.15007140e+02   2.33750066e+01   1.00499732e+02   1.11674289e+02
     5.94811633e+00  -1.62465345e+02   1.30278185e+02   4.03820721e+01
    -1.30301567e+02]
  [ -1.88085606e+02  -2.93918227e+02  -7.44522554e+02  -9.84753556e+02
    -3.18556747e+02  -7.17036471e+02  -9.76929327e+02   1.18200579e+02
     3.73886018e+02   5.83591057e+02   6.65340526e+02   3.73636984e+02
     1.14533347e+02   3.25599655e+02   3.49628993e+02   1.14044477e+02
     3.25198059e+02]]]