[[[  -1.09365016 -134.74760582 -165.17113346 -111.99059423  135.52110523
    122.22119692  110.57591058   12.37269098   21.10687897    5.1707524
     21.18838826  173.64754072  351.7181631   300.31481187 -159.72728119
   -318.90240362 -347.16966097]
  [ -12.94000514    6.56797482 -132.69479053   22.28440577  -32.44797211
   -165.59281092    5.96868855   77.82265064  112.51063227   21.03815443
     98.31368064   99.00986469  -16.86815647 -182.8883817   137.81035257
     69.09373981 -107.93019887]
  [-183.60260726 -287.32661135 -710.09803461 -973.48358981 -312.61289446
   -738.60746859 -981.86826668  122.51244769  404.79052048  588.31908952
    671.9238486   355.97721235  118.80772641  330.80694866  354.69324538
     86.30679055  285.38692308]]]