[[[ -4.43617690e-01  -1.33995743e+02  -1.66630306e+02  -1.06541040e+02
     1.35270311e+02   1.19531819e+02   1.12431511e+02   1.57941104e+01
     2.23641840e+01   3.29515807e+00   2.18382734e+01   1.74624952e+02
     3.50309389e+02   2.97092907e+02  -1.57378709e+02  -3.15581174e+02
    -3.47445904e+02]
  [ -9.53292959e+00   1.85443437e+01  -1.18128246e+02   4.13895245e+01
    -3.76102015e+01  -1.73061583e+02  -7.29775266e+00   7.67378823e+01
     1.05873503e+02   1.36229423e+01   8.87070559e+01   8.39889490e+01
    -3.70887538e+01  -1.98847731e+02   1.41251179e+02   9.26261371e+01
    -8.34727555e+01]
  [ -1.79812412e+02  -2.85223438e+02  -7.35183397e+02  -9.83698338e+02
    -3.09289171e+02  -7.06677036e+02  -9.73991056e+02   1.27579067e+02
     4.05525866e+02   5.92086543e+02   6.71821953e+02   3.56994514e+02
     1.19477639e+02   3.28045756e+02   3.79291808e+02   8.38225396e+01
     2.47407162e+02]]]