[[[ -3.19470957e+00  -1.36242428e+02  -1.60390105e+02  -1.26121737e+02
     1.30591805e+02   1.55748737e+02   1.11785909e+02  -3.30369453e-01
     1.39197641e+01   7.65649122e+00   1.58094310e+01   1.63220121e+02
     3.36927662e+02   2.88117739e+02  -1.64336393e+02  -3.45152321e+02
    -2.98214013e+02]
  [  3.73230963e+00   1.22771576e+00  -1.45988509e+02   1.94026630e+01
     6.23691345e+00  -1.41065977e+02   2.65206581e+01   8.30048227e+01
     1.00988111e+02   6.06755713e+00   7.80285849e+01   1.10528693e+02
     2.00751719e+01  -1.50363358e+02   1.05812369e+02   2.31378805e+01
    -1.47345606e+02]
  [ -1.68875004e+02  -2.67465507e+02  -7.06122780e+02  -9.65784370e+02
    -2.91916926e+02  -7.07318012e+02  -9.66018421e+02   1.32779071e+02
     4.03595777e+02   5.82687914e+02   6.62466589e+02   3.54020421e+02
     9.06742622e+01   2.84003255e+02   3.79063365e+02   9.20345217e+01
     2.50184959e+02]]]