[[[  2.02827934e-01  -1.38215896e+02  -1.68474489e+02  -1.17548913e+02
     1.30431203e+02   1.50127002e+02   1.23764077e+02   1.15621148e+01
     1.51086622e+01   2.65519522e+00   1.46785872e+01   1.66410529e+02
     3.70897163e+02   2.88746122e+02  -1.63608010e+02  -3.19692470e+02
    -3.46408405e+02]
  [ -2.95096471e-01   1.75216709e+01  -1.26847448e+02   3.20724437e+01
    -1.81118579e+01  -1.59560339e+02   1.13753169e+01   7.92603655e+01
     9.83777985e+01   3.44393128e+00   7.42015341e+01   8.78687635e+01
    -1.49676431e+01  -1.81974301e+02   1.25223078e+02   7.31154945e+01
    -1.01996817e+02]
  [ -1.67645328e+02  -2.65171186e+02  -7.08494437e+02  -9.71906213e+02
    -2.89719000e+02  -7.08571615e+02  -9.70213490e+02   1.35410165e+02
     4.11317983e+02   5.86957621e+02   6.72518406e+02   3.62659114e+02
     1.00228997e+02   2.92223417e+02   3.61725802e+02   9.30709734e+01
     2.22288897e+02]]]