[[[  -1.52546228 -141.40109897 -172.36388272 -117.60295988  127.37756833
    147.04261928  117.08768972    9.85232995   12.76041635    3.47639559
     12.63026591  163.83643666  335.47701249  283.33154727 -137.49229674
   -319.05881991 -312.13976796]
  [  -1.42729059   15.92269605 -128.57161907   34.08903424  -18.77727379
   -163.44816309    4.84832813   81.30912529  100.90923476    5.8500836
     78.28384815   89.93581989  -14.07748365 -179.82873485  126.03617676
     71.65915247 -103.42029365]
  [-170.92257036 -274.51493741 -719.95381209 -972.82457877 -298.8705085
   -692.66100074 -962.577075    135.22942344  409.21950205  593.13820346
    672.62401002  383.68490128   91.69606865  284.90818871  383.26809722
     86.14299777  214.83162921]]]