[[[  -1.57574101 -138.90983675 -167.04082226 -119.58145446  129.69329908
    151.67820402  115.3219411     6.23487628   12.65172255    2.33225586
     12.76051932  163.55196322  337.301572    286.41842955 -166.26360514
   -317.08175849 -304.7596871 ]
  [   3.67778114   12.7260756  -143.24691699   12.30326882   -5.37050109
   -159.98366633    8.69117002   86.53152073  107.10608992   12.7160065
     86.93201179  104.34076732    2.95970157 -167.70201978  122.63068578
     46.25259394 -130.65033769]
  [-172.41222464 -269.7115336  -682.50296687 -952.6599663  -294.87320568
   -710.55561054 -959.71013067  129.04899529  408.22322882  582.29587723
    670.0678637   359.28591886   93.6049434   290.92439688  358.31388313
     62.75054806  253.07545505]]]