[[[  -1.59696905 -141.51436313 -171.06631446 -123.44012602  132.06278043
    155.60329235  119.35482994    6.11982403   12.83802821    2.1964707
     12.94273528  166.72722645  345.49116485  294.97667102 -169.8144184
   -324.67436783 -313.57243477]
  [   5.09569444   14.15701451 -137.2641341    21.00831892   -3.96561572
   -154.00460361   17.57553249   83.68211975   99.75487869    3.87972132
     75.41236231   98.19963412    3.42595686 -164.67155727  116.49682908
     47.51686384 -126.38171228]
  [-167.57226833 -265.13853227 -688.89994059 -962.03067325 -291.00176384
   -717.7570315  -969.38590335  135.33363052  400.05990519  586.07267829
    666.56896248  375.03490024  104.80559183  274.03653626  374.10811064
     73.24949577  235.16221131]]]