[[[ -2.41453259e+00  -1.40348184e+02  -1.69222866e+02  -1.23138050e+02
     1.30369679e+02   1.53495866e+02   1.16037026e+02   5.60971513e+00
     1.34479552e+01   4.15409971e+00   1.37774520e+01   1.65368250e+02
     3.39863523e+02   2.90185997e+02  -1.67289248e+02  -3.20536876e+02
    -3.09111549e+02]
  [  8.41981263e+00   1.73143009e+01  -1.38654178e+02   1.74855310e+01
    -4.74665948e-01  -1.54402649e+02   1.45661288e+01   8.52762215e+01
     9.88974068e+01   3.71144390e+00   7.47869091e+01   9.79620440e+01
     5.56955096e+00  -1.65495734e+02   1.15359667e+02   4.69289703e+01
    -1.27258555e+02]
  [ -1.64455834e+02  -2.58968921e+02  -6.76124816e+02  -9.48407479e+02
    -2.84763916e+02  -7.04992299e+02  -9.55741257e+02   1.34313929e+02
     3.97022320e+02   5.79301055e+02   6.60158257e+02   3.71417820e+02
     7.60511804e+01   2.70721232e+02   3.71817597e+02   7.39192269e+01
     2.35110785e+02]]]