[[[  1.55049666e+00  -1.44215560e+02  -1.72988462e+02  -1.21128273e+02
     1.41993994e+02   1.68800247e+02   1.28077293e+02   7.98994044e-01
     1.08384349e+01  -1.01296064e+01  -2.20742193e+01   1.72250170e+02
     3.30681501e+02   3.59253552e+02  -1.79926141e+02  -3.35616173e+02
    -3.28997343e+02]
  [ -1.68447805e+00   1.42144539e+00  -1.48431862e+02   1.22866068e+01
    -4.79039726e+00  -1.55952880e+02   1.07761403e+01   7.78424707e+01
     8.68517794e+01  -1.57822754e+01   5.40209478e+01   9.38926252e+01
     5.13938064e+01  -1.03354028e+02   9.95463934e+01   5.16130885e+01
    -1.09649383e+02]
  [ -1.62327919e+02  -2.83231526e+02  -7.00865219e+02  -9.97302355e+02
    -2.83239245e+02  -7.29718002e+02  -1.00592984e+03   1.61325165e+02
     4.44097746e+02   6.34959345e+02   7.23849819e+02   4.18629472e+02
     1.83294905e+02   1.13198833e+02   4.14741702e+02   9.36056856e+01
     1.42606657e+02]]]