[[[ -1.64955076e+00  -1.43997031e+02  -1.70294524e+02  -1.25669953e+02
     1.34477467e+02   1.60391638e+02   1.18558462e+02  -6.38732913e-01
     8.47502058e+00  -5.19686932e+00  -2.17945162e+01   1.64841928e+02
     3.46254748e+02   3.41206868e+02  -1.76467650e+02  -3.26120693e+02
    -3.16973256e+02]
  [  1.56409250e+01   1.65480068e+01  -1.52473827e+02   2.09503140e-01
     1.47338480e+01  -1.52847473e+02   8.52692578e+00   8.47374737e+01
     8.21656083e+01  -1.84291423e+01   4.82424736e+01   9.35775284e+01
     5.11983402e+01  -1.17377116e+02   9.29804487e+01   4.93755683e+01
    -1.16809091e+02]
  [ -1.44511210e+02  -2.33063533e+02  -6.57279293e+02  -9.53410451e+02
    -2.58664834e+02  -6.85942395e+02  -9.60563283e+02   1.60113412e+02
     4.33579665e+02   6.05075287e+02   7.01453203e+02   4.07789712e+02
     9.86250427e+01   1.50264429e+02   3.75803847e+02   6.33964370e+01
     1.11212715e+02]]]