[[[   1.80749937 -139.8239787  -169.868322   -120.70752557  137.92971315
    162.18814247  126.3306662     6.19264907   13.96595401   -5.16435808
    -17.60451536  170.17659315  348.70163926  302.82434534 -170.78068168
   -322.88592371 -314.82296591]
  [  21.58028392   31.89413376 -136.04654224   14.76491336   11.26644012
   -154.4903286    10.95816234   84.94836938   78.04198491  -21.80563166
     42.32241879   78.85904916   21.71739433 -143.63367787   99.72477571
     63.512355   -103.87967099]
  [-139.94765363 -225.77621486 -651.16042985 -942.98102922 -251.60733131
   -680.10643378 -949.45846787  158.60404251  408.19964252  591.87200704
    680.2159162   412.25569805   76.74067008  159.23677695  380.99027943
     70.83647069  122.88519164]]]