[[[ -27.09383456 -165.49250931 -189.4559718  -147.54497902  106.4528426
    134.32779747   93.31323962  -29.98109848  -14.29744068  -27.64126995
    -44.94377005  137.4716068   311.14246523  265.01448117 -195.97708965
   -344.24241165 -268.63563418]
  [  24.86555659   22.82280203 -150.83711615   -3.19301451   26.9083122
   -142.29428315    5.24064352   92.86200376   93.52035299   -5.22935397
     63.28633617  106.36177623   54.80192046 -115.678655     95.9009144
    -11.58593075 -170.54843117]
  [-155.43186172 -243.49019336 -630.5784569  -955.50858645 -244.88793795
   -659.55828233 -967.58794976  142.86435819  404.474917    578.21636147
    670.0569996   406.24955596   78.45841069  131.92371143  379.83660964
    118.30449007  309.93362742]]]