[[[ -28.0655601  -165.10794819 -189.01441755 -152.05188113  105.38077065
    133.7378248    92.6761401   -29.89595136  -14.08849482  -26.99039245
    -44.61378024  136.85635857  309.96498352  264.5574299  -194.92812399
   -342.74460249 -267.168291  ]
  [  25.30743862   23.09320073 -140.00133307    9.69114438   27.52167615
   -132.37735641   19.72583608   88.62669637   86.10271139  -11.61006002
     54.56960002   99.78590635   52.21158627 -116.89241141   88.96281147
    -15.02650185 -172.60994073]
  [-146.41872632 -217.39600285 -632.0735813  -953.51244712 -243.45471663
   -661.59286043 -965.04603137  146.83620596  400.72442371  572.75190574
    664.56093308  402.65156661   75.35807674  127.84013728  376.43915332
    115.22204361  304.2772016 ]]]