[[[ -1.54138496e+00  -1.48201080e+02  -1.79969885e+02  -1.26556405e+02
     1.38317510e+02   1.64393210e+02   1.25935487e+02   4.26248633e+00
     1.46139222e+01  -8.61852055e-01  -1.82071088e+01   1.75424787e+02
     3.58399739e+02   3.14190192e+02  -1.77566177e+02  -3.07978514e+02
    -3.33416594e+02]
  [  7.39309279e+00   1.94157140e+01  -1.40638910e+02   1.58016984e+01
    -4.62952367e+00  -1.54731597e+02   1.45281352e+01   7.97773344e+01
     8.12563059e+01  -2.09488688e+01   4.56689235e+01   8.10294399e+01
     3.17949238e+01  -1.30949460e+02   1.02703989e+02   6.36243555e+01
    -9.11344313e+01]
  [ -1.54064769e+02  -2.67414419e+02  -6.85374996e+02  -9.80823533e+02
    -2.68935448e+02  -7.16345925e+02  -9.89664128e+02   1.61766817e+02
     4.25241718e+02   6.20763437e+02   7.09750020e+02   4.28088904e+02
     7.85016807e+01   1.24309297e+02   3.99441852e+02   1.66603260e+02
     1.32417265e+02]]]