[[[  2.17857958e+00  -1.40342126e+02  -1.69450042e+02  -1.28220933e+02
     1.49182918e+02   1.80778536e+02   1.34003363e+02   1.79173978e+00
     1.76853174e+01  -5.40725686e-01  -1.39627378e+01   1.80925595e+02
     3.06548032e+02   3.33269285e+02  -1.76725485e+02  -3.36592875e+02
    -3.31316418e+02]
  [ -1.86874529e+00  -5.90271047e+00  -1.31220593e+02   3.55597326e+01
     2.16522111e+00  -1.25415515e+02   5.28461685e+01   6.82454527e+01
     7.06525160e+01  -3.10184832e+01   3.39438504e+01   8.36016634e+01
     3.30668819e+01  -1.14577944e+02   7.88054644e+01   5.09196135e+01
    -9.98025739e+01]
  [ -1.46532682e+02  -2.48639216e+02  -7.11512947e+02  -1.00410209e+03
    -2.75492478e+02  -7.42494185e+02  -1.00978456e+03   1.71649203e+02
     4.31175866e+02   6.31211981e+02   7.20927619e+02   4.37678393e+02
     1.72593309e+02   1.66143207e+02   4.02725627e+02   1.32417237e+02
     4.68533133e+01]]]