[[[   7.79614948 -138.7445068  -176.50232742 -107.90368224  146.60453092
    168.57944174  147.62215256   17.59254274   20.10223376  -12.75387959
    -16.0731774   181.57741201  330.57668965  277.04276317 -170.10861434
   -293.82852561 -329.22591972]
  [  10.16028219   39.66304233 -105.82943408   42.73478482  -19.34246969
   -158.55731852   15.87327492   72.18249747   62.55169456  -40.19561037
     20.95049897   40.86265528  -19.3926688  -157.1578768   106.53692667
    116.2403646   -32.18487238]
  [-139.01454496 -254.36276994 -678.06579904 -983.38544625 -254.3689129
   -707.48553664 -988.86215623  179.52260014  442.27387051  634.00099082
    727.57404779  447.15823606  149.60662816   63.71191109  413.33501735
    142.25257657   17.28781198]]]