[[[   1.99133019 -133.28303782 -163.15204753 -125.32197102  126.91030461
    151.77934594  132.3520039     3.69094596    9.73120849   -2.60201422
      9.97504546  156.02975636  292.41214259  290.58486702 -163.82000115
   -270.46547786 -306.70210612]
  [  18.37989143   24.7361031   -68.42224968   96.08502708   12.02366463
    -81.18921752   81.71084658   45.19961402    4.80126352  -90.30637425
    -48.8499002    14.38274261   29.6272487   -92.55630426   28.53672533
     74.21789843  -48.69439481]
  [ -58.42643151 -131.25014422 -640.94324892 -903.852763   -130.39534618
   -612.88833618 -894.97575329  210.94493943  439.42048087  577.56870526
    664.96665833  414.74116788  131.66619647  -58.59575999  384.26268399
     96.52612716 -138.39624269]]]