[[[  2.16950825e+01  -1.04185895e+02  -1.46512384e+02  -6.88921736e+01
     1.41400894e+02   1.18045415e+02   1.32147332e+02   3.12979478e+01
    -1.61532427e-01  -3.46418974e+01  -9.53405071e+00   1.61947733e+02
     2.60965919e+02   2.10321043e+02  -1.34852987e+02  -2.25633463e+02
    -2.71800692e+02]
  [  3.48725073e+01   9.72470055e+01  -3.25500313e+01   8.27988367e+01
    -2.75020006e+01  -1.56249424e+02  -1.19102251e+01   5.82333069e+01
     9.39446551e+00  -8.19045362e+01  -4.01557577e+01  -4.33252468e+01
    -6.78227075e+01  -1.72916113e+02   9.01808544e+01   1.78177294e+02
     6.61451634e+01]
  [ -7.53141722e+01  -1.53769805e+02  -5.74163596e+02  -8.70491991e+02
    -1.76119677e+02  -5.48602471e+02  -8.58917380e+02   2.08493845e+02
     4.53264627e+02   5.96343364e+02   6.96677793e+02   4.25634663e+02
     9.06064740e+01  -1.66158456e+02   4.26013320e+02   1.15289139e+02
    -1.96559722e+02]]]