[[[  17.82831458 -109.81075612 -155.08933825  -71.48170502  130.506526
    105.50649763  125.01832255   31.93980434   20.44615739  -39.23258803
    -16.9508653   152.89165564  250.14232423  198.32549537 -138.05188765
   -196.49638972 -241.41941922]
  [  28.39611597   99.31377313  -25.35151298   80.2269612   -42.52154339
   -160.09631258  -20.69600759   54.30852481    9.29837103  -78.0131009
    -37.70209554  -52.68007484  -74.80312359 -171.87011161   97.78675516
    191.79375379   87.30969761]
  [ -72.63204138 -150.28156005 -569.60417443 -863.70362376 -172.95852511
   -544.57161023 -852.91578132  209.50378778  454.64614308  596.8045578
    697.15606263  426.56380402   90.22454765 -196.18331424  427.67282529
    117.35783363 -194.55414953]]]