[[[  18.75138134 -106.6351878  -152.86472508  -64.56100179  127.96669437
    102.91002264  133.83296073   34.25987509   20.1717937   -43.86637627
    -17.95320842  150.03288452  246.90242851  194.54223079 -134.62453487
   -191.75712557 -238.69127282]
  [  26.70335415  105.96220471   -6.4480946    95.11190655  -52.55549033
   -155.82802689  -14.51678766   48.53419893    3.8076225   -80.11243607
    -42.32781391  -66.43926685  -97.14582101 -190.98990634  100.59911592
    201.80293023  103.13062049]
  [ -68.96750566 -145.03036162 -563.28624336 -865.42867412 -168.15538691
   -564.4165953  -862.35183421  211.34465482  452.59883271  594.58347605
    692.46838363  424.56446165   92.44779051 -190.18514441  426.14706109
    120.09774664 -188.6937277 ]]]