[[[  2.12184013e+01  -9.11698838e+01  -1.69268943e+02  -6.76562738e+01
     1.19855340e+02   1.18113447e+02   1.46272834e+02   3.73682183e+01
     1.14100034e+01  -4.19477442e+01  -4.70358134e-01   1.42817189e+02
     2.36769749e+02   1.80435884e+02  -1.19346448e+02  -2.07063582e+02
    -2.22082397e+02]
  [  2.70546121e+01   1.08642561e+02  -7.17887460e+00   9.54694936e+01
    -5.45333276e+01  -1.55365230e+02  -8.22026814e+00   5.18091419e+01
     7.68725525e+00  -7.64216160e+01  -3.68559097e+01  -6.64282558e+01
    -1.06544271e+02  -1.93016652e+02   1.05773117e+02   1.94069077e+02
     8.88999956e+01]
  [ -7.91265342e+01  -1.74659525e+02  -5.76198937e+02  -8.79988112e+02
    -1.74941082e+02  -5.77234307e+02  -8.77571370e+02   2.09498646e+02
     4.61284019e+02   6.05701162e+02   7.06721492e+02   4.32561868e+02
     9.40682090e+01  -1.92860632e+02   4.34561950e+02   1.25439740e+02
    -1.58159967e+02]]]