[[[  23.61181359  -99.94559849 -146.74113836  -55.70240419  136.06391903
    111.73061534  149.12370327   38.57659625    1.46771675  -43.31230404
    -10.16671152  161.8870076   228.9604278   171.23641227 -130.16590617
   -188.99975587 -235.32698842]
  [  27.85910203  107.06229068   -5.72995867   96.91642476  -51.34406121
   -152.70263482   -2.22266123   49.52867442    6.46322023  -78.28156573
    -37.53313593  -66.51853848 -110.29015105 -197.28231225  103.04960437
    193.31860375   88.04677352]
  [ -77.81707531 -160.89699627 -566.54224698 -879.62366931 -184.78511211
   -593.77689464 -883.49332392  210.0640903   457.80037167  605.04274685
    705.63240439  430.09060395  114.37852019 -171.913532    430.25269091
    115.55749679 -173.51211713]]]