[[[  -2.90099239 -149.69452113 -171.17836629 -124.15185421  131.98883022
    194.21465836  122.11379574   -6.91426928    2.73014305   -2.95860341
    -25.86427855  160.47063835  348.07434405  380.57825101 -183.9369093
   -329.77495819 -357.60783157]
  [   6.79913673   -4.45165851 -191.9170135   -48.27810566   18.0499317
   -172.72182774  -32.89299817   87.24247153   86.24991674  -21.83143761
     44.89718863  109.8093418   106.06554294  -44.02539358   85.400118
     59.41968676  -88.27992284]
  [-162.01524148 -271.3998986  -660.95614438 -971.51067618 -301.52817086
   -661.14110966 -970.08715084  170.21565857  460.78368008  650.33637704
    756.61018955  433.16980412  172.78949662   21.57261999  431.20449652
    138.92058788  -16.86436188]]]