[[[  14.47369498 -113.30697209 -159.44886673  -75.56578171  128.52686686
    103.68082073  124.87317189   31.86741214   22.92792403  -37.04092404
    -15.35800465  158.95304855  259.95984261  207.12368518 -140.46813733
   -203.62281269 -248.96739449]
  [  24.08966948   96.23498952  -28.72911834   75.06428995  -48.05564299
   -163.95663571  -20.27898994   54.0128316    14.09758744  -74.2730221
    -32.16266026  -49.49081568  -79.12644943 -175.60244653  103.54117229
    197.16382853   93.47638011]
  [ -84.12604702 -168.69706876 -573.98806007 -878.64234502 -192.79861053
   -574.99370621 -875.51073621  206.1736437   456.79627105  606.46159485
    707.19813496  428.57458915  111.33287869 -181.16710664  429.83604041
    139.59719194 -179.47726392]]]