[[[   4.95883304 -115.76225219 -166.66890055  -68.19071205  104.90371818
     50.85098048  103.53367241   31.33407695   11.58325502  -53.43962749
    -28.42544694  138.34570585  270.12421268  221.00624153 -111.42174191
   -162.04038058 -212.49539159]
  [  12.02032592  109.07886204    6.69867039   89.02624585  -85.03820132
   -172.08403339  -45.01256682   39.66476925    7.46227003  -68.69854823
    -33.89093874  -78.49418921 -113.47134759 -206.28151529  120.43654919
    246.0269716   166.94895871]
  [ -73.12302271 -163.18347355 -559.52759308 -867.09989882 -164.79009511
   -585.96000406 -872.78409656  208.31916072  458.67341724  596.62572915
    677.25579641  430.97379487  102.62648997 -182.15027654  432.57810287
    129.25756246 -180.43523984]]]