[[[   2.01583836 -122.38884826 -173.63051622  -77.1960802   108.57025538
     53.00125324   94.25958876   28.53629432   12.04910312  -50.23570857
    -28.08261182  143.94012141  250.49742579  266.84963736 -117.17246413
   -171.32249012 -222.31086574]
  [  11.49536858  102.95716386  -11.84628812   71.13866878  -79.96640017
   -178.42769301  -49.14264081   44.31533974   12.09581283  -67.00794253
    -27.40942106  -67.80020907  -90.21615927 -189.79018749  119.53690641
    238.24216967  162.57855422]
  [ -82.2168736  -178.54238636 -558.33231376 -869.93362754 -180.07419199
   -585.94009453 -875.59067906  206.28612222  467.10875102  607.60065936
    693.80675846  438.85359231   97.49971574 -200.13374585  440.64262524
    127.45444688 -164.75319692]]]