[[[   4.58480792 -109.51500966 -119.40880324  -29.89205578   96.85683836
     71.68955425  130.53615555   27.54544184   -7.10564012  -54.85820899
    -19.31885878  124.9380583   261.23969178  246.34183608 -107.81807906
   -190.75636325 -247.14322469]
  [   3.89459047   93.84989905   16.01536433  111.05334714  -86.06067511
   -156.07166263  -20.57488475   33.03736733    6.05620227  -70.71247925
    -30.53780558  -73.53262328 -107.96116909 -210.54982025  110.74973695
    220.40682782  138.54362394]
  [ -78.17951018 -177.66398808 -567.32267947 -884.71264833 -179.32252473
   -620.70116166 -896.49258088  209.39339469  468.71673762  610.56002985
    696.08974308  442.46180067  130.10443474 -162.95880615  440.96283592
    102.141004   -164.88727247]]]