[[[   9.63948033 -106.5936601  -115.96278192  -33.74564824  107.01359946
     81.77457857  130.07166643   26.21491063   -5.18748825  -60.91206049
    -47.43010862  131.35123441  273.4130404   260.16386486 -137.75572754
   -193.97562843 -246.81092287]
  [  12.6831674    96.6579169     7.1930957   107.39885706  -71.29151582
   -158.04991413  -16.74147271   37.4283814     1.50091479  -79.14829389
    -38.88520328  -69.71520416  -85.51165086 -191.66724363  102.05319121
    208.76754457  118.50381912]
  [ -77.65925204 -165.03981387 -557.47310771 -879.42727572 -191.00541792
   -612.29830596 -890.82598515  210.31387388  467.18550801  606.96907485
    697.70889291  441.22688447  121.03095917 -180.54358878  439.10088368
     92.76845178 -148.49288925]]]