[[[  -4.87643323 -150.73084487 -172.85091482 -129.04667855  131.46596045
    194.32999068  120.87648406   -6.83112787    4.3746709     4.57323537
      6.70839537  162.15167606  350.78444409  381.08712378 -183.16754845
   -363.78378288 -360.36917031]
  [  11.29080494   -1.75108146 -189.77906047  -45.66549943   24.33269104
   -170.22106256  -30.80713226   87.18162448   82.36801315  -26.32683533
     37.26331374  108.36130506  103.70053844  -45.47163713   81.55243592
     60.91599205  -87.42489813]
  [-159.40458727 -268.40710395 -657.74174888 -969.06092523 -298.69448208
   -658.43818601 -967.70890265  169.94541733  460.67497676  641.46505817
    731.0498597   432.77368636  174.26924426   25.19212635  432.34118063
    144.24901455  -13.43957174]]]