[[[  1.54445407e+01  -9.99459996e+01  -1.13797757e+02  -8.04792140e-02
     1.17853951e+02   8.92347606e+01   1.09271555e+02   3.18302405e+01
     2.62755571e+00  -6.76744825e+01  -4.36995113e+01   1.16858673e+02
     2.51579850e+02   1.96035690e+02  -1.33838794e+02  -1.98782374e+02
    -2.93317121e+02]
  [  2.23873681e+01   1.13020520e+02   1.38737976e+01   9.90049641e+01
    -6.82456780e+01  -1.74949319e+02  -2.74517052e+01   4.72272397e+01
     1.15378750e+01  -6.74821322e+01  -2.81282023e+01  -7.16600743e+01
    -1.13361407e+02  -2.15341207e+02   1.20449182e+02   2.20800234e+02
     1.24181692e+02]
  [ -1.16430554e+02  -1.23752642e+02  -4.80184875e+02  -7.80659112e+02
    -1.50821267e+02  -5.42392434e+02  -7.85802061e+02   1.86559274e+02
     5.46992057e+02   6.03299579e+02   7.89825551e+02   5.20936086e+02
     1.90953341e+02  -1.23180714e+02   5.19983515e+02   1.95561610e+02
    -4.15485840e+01]]]