[[[ -2.40852019e+01  -1.50347084e+02  -1.22835257e+02  -4.25654755e+01
     7.90284403e+01   5.63487991e+01   1.13224185e+02   8.86281012e-01
    -3.27101246e+01  -7.23948426e+01  -4.37867488e+01   1.18956130e+02
     2.58534212e+02   1.63216410e+02  -1.45803482e+02  -2.51260004e+02
    -3.15698367e+02]
  [  6.27798125e+00   8.70435577e+01   4.03276943e+00   1.09421578e+02
    -7.44875454e+01  -1.60524356e+02  -4.13247957e+00   4.80161050e+01
     3.44790805e+01  -4.79048902e+01   2.06965310e-01  -4.05670670e+01
    -1.02919672e+02  -2.08111987e+02   1.31475404e+02   2.19868790e+02
     1.06457470e+02]
  [ -1.27636751e+02  -1.56804877e+02  -5.44522365e+02  -8.19128915e+02
    -1.31306797e+02  -6.03842577e+02  -8.22138536e+02   1.80095087e+02
     5.42210038e+02   6.18969102e+02   8.22649180e+02   5.16716036e+02
     2.12364771e+02   4.19492287e+00   5.14509939e+02   2.08705914e+02
    -1.76246084e+01]]]