[[[  10.29857486  -85.23949541 -133.4919661   -29.48043864  107.23421355
     78.53670839  146.61123131   29.89217434   -9.4772996   -75.96810395
    -58.3283499   141.51193308  285.96109325  186.21633483 -150.42132057
   -227.12227487 -281.99080792]
  [  15.81631039  120.2201208    32.03980426  119.08307146  -88.58749376
   -176.85295887   -4.21561709   43.90347867   19.90907371  -57.59911713
    -17.50855865  -77.40993912 -166.80772204 -256.6689075   142.15475981
    242.74447745  129.8903669 ]
  [-131.95865703 -203.0500244  -635.99032482 -986.00704806 -204.17405531
   -654.38753224 -852.92885997  187.51243755  502.20165771  627.33633797
    783.53087535  476.99905653  201.86605634   -3.52189199  474.28137773
    199.98954108   34.05350815]]]