[[[  19.39694379 -107.11329098 -116.22560513  -11.24639632  149.82411305
     96.66151617  173.15918844   32.57042714    1.13463787  -53.91881695
    -43.73804927  150.94657778  294.83293693  238.21500646 -140.1708276
   -217.96735367 -306.39966169]
  [   8.32034804   95.45895528   17.19374908  148.57788208  -78.81819059
   -151.036039      8.87835484   34.83325051    6.52765702  -73.97591415
    -31.11552373  -69.4264285  -128.41519824 -234.3713836   111.91882233
    202.11694737   91.08324303]
  [-100.81167611 -206.93038094 -665.36188655 -964.37600902 -207.2643702
   -693.78063274 -970.8466886   200.05299845  443.95089402  614.72009524
    715.12313707  418.57255676  144.99083828  -57.74480305  416.79175251
    146.39707766   24.18180934]]]