[[[  2.13224806e+00  -1.52873253e+02  -1.79515587e+02  -1.18510012e+02
     1.59368361e+02   1.86508136e+02   1.25950381e+02   4.84904412e-01
     6.43037259e-02  -3.80272238e+00  -1.85304559e-04   1.59239096e+02
     3.76762556e+02   4.14430317e+02  -1.86978911e+02  -3.69768652e+02
    -4.07236181e+02]
  [  9.72684820e+00   7.95685643e+00  -1.99961145e+02  -6.98697657e+01
     1.14968394e+01  -1.99819430e+02  -6.99734535e+01   9.15959427e+01
     9.17688941e+01  -1.79986449e+01   4.71670864e+01   1.06052541e+02
     9.27951026e+01  -5.70644736e+01   1.03637524e+02   1.01372122e+02
    -4.88828442e+01]
  [ -1.67254274e+02  -2.92266021e+02  -6.41592557e+02  -9.59565846e+02
    -2.91448267e+02  -6.40360265e+02  -9.57184229e+02   1.64022528e+02
     4.63640026e+02   6.40441019e+02   7.33138948e+02   4.37189172e+02
     1.84653524e+02   3.51162346e+01   4.05102361e+02   1.47559470e+02
    -3.89519177e+01]]]