[[[   1.98385244 -133.4727577  -129.07908629  -89.51107916  147.91567992
     98.66468206  104.98704106   12.34749953   -4.88726923   -6.92432411
     -8.15361186  180.29747017  368.2157085   281.24453548 -162.70651358
   -323.05168957 -314.98714791]
  [  -3.76044216   20.79194663 -127.97977611   19.69760109  -28.3128087
   -172.05458684   -2.83401287   76.08921915   93.11788178   -2.42755645
     72.37564311   78.08449917    6.51778129 -148.43453988  125.57222344
     78.79610806  -86.67313704]
  [-166.04549776 -269.26271185 -681.96349463 -980.4100783  -296.54965368
   -741.58122934 -997.76598951  147.59288317  424.71726919  617.48456146
    703.21452468  398.45709483  110.89731114  169.62027456  397.45450197
    110.84656303  214.99038183]]]