[[[    5.70743983  -134.78221968  -127.56865558   -92.87779885
     152.44090413   142.61330224   125.92086006     9.24278567
      -5.84640899    -3.59212266    -8.30816072   182.8715724
     378.38253496   291.57503296  -167.59940372  -337.77316327
    -366.00533477]
  [  -19.0272429     -7.71195354  -139.24720053    22.44596498
     -30.34251744  -155.43406211    21.19933427    71.59466532
     102.30571736     5.06383797    82.17213308    96.37736822
      14.29568914  -141.54656749   123.18040887    58.19235662
    -104.91191612]
  [ -184.97389474  -315.45652939  -742.93780651 -1025.51707072
    -315.60824745  -772.87016923 -1034.31359705   141.67002221
     426.26442923   631.35987096   711.57361786   399.93448379
     142.58134899   214.23868336   399.79679159   173.79441458
     255.85552017]]]