[[[    3.67953301  -131.18471278  -160.60758775  -109.18644235
     151.98139771   141.78263584   122.86685483     7.74286297
      -3.76255474    -3.73224352    -5.90730322   181.77672826
     377.36112241   328.80858329  -162.90785982  -362.30796872
    -355.03248047]
  [   -9.5122939      3.71747853  -144.73815061    14.55118343
     -22.74205282  -165.57198597     5.03342588    79.3061219
     107.50093138    10.04676492    85.28637239   102.18313125
      14.21146176  -149.40320964   128.63309838    55.60860716
    -114.78181842]
  [ -186.26731101  -311.02524826  -723.58666639 -1003.08943651
    -310.98227105  -752.78304982 -1012.62915682   133.35948095
     410.89103479   611.02759421   688.88450683   385.52292399
     136.74235883   243.79896447   384.7981173    137.77770203
     281.56901127]]]