[[[   8.75982122 -105.80801803 -189.09493069  -85.35952387   98.81290506
     67.33942421  118.58457252   38.53088994   26.78539717  -34.23144028
     -6.79636307  162.67330154  252.45381161   87.59933248 -127.21090859
   -183.61042012  -83.14353159]
  [  21.72023618  109.70449798  -12.61587748   88.94500613  -66.2640322
   -166.59478844  -17.0498911    54.92831899   26.04063085  -57.25736685
    -13.11394306  -54.94193031 -118.43773181 -169.22413841  125.20270873
    187.64264995   48.0129081 ]
  [ -86.01184873 -165.23435979 -601.95040918 -900.3744511  -190.32141972
   -630.59055564 -905.42363926  199.21443737  456.27130054  600.50741569
    682.03180734  427.95233965   91.53929643  -61.5869475   428.70672348
     89.6717259   -98.21966386]]]