[[[  31.46436042  -99.78577173 -159.10456809  -67.22794558  159.76754722
    206.21982538   97.41280612   14.54276099    5.89035584   -1.39206341
      3.36230519  178.52989956  350.21281387  398.96969039 -164.56754248
   -324.72419571 -348.55053419]
  [ 112.30883244  104.12591009 -402.81913735 -343.32446042  120.49173417
   -397.84570889 -394.35236716  186.57804173  165.54228879   48.91727109
    112.6342164   175.58570465  154.73648564    6.73987828  175.73661101
    166.98208347    7.96261606]
  [-217.97347922 -314.9442877  -564.28445175 -612.51341901 -279.66114875
   -175.17391927 -462.86572975   69.43201537  336.37281369  481.60007183
    580.49286984  315.83533032   89.15715912  -47.91180183  308.34466871
     49.06902432 -112.66842695]]]