[[[   4.45003024 -131.45809867 -202.85808056 -127.40647606  153.17435153
    141.35057913  121.86960826   10.9658207    -3.29007184   -4.89625145
     -5.19941964  184.7020467   422.90938741  334.31914062 -163.09607589
   -369.62345827 -360.93030052]
  [  -2.60293719   19.31096048 -141.47403108   23.23327122  -24.51683574
   -183.88600305  -28.76465085   86.54483096  119.89293536   23.85652884
     95.84063125  106.10624367  -19.72443758 -182.89801088  148.18554082
     68.47625296 -107.89253232]
  [-196.74345363 -304.87733613 -771.50070094 -996.86877955 -328.51464797
   -680.06293453 -970.90182616  112.71412402  391.35198594  572.9891347
    643.23097216  338.18924569  164.23902848  359.20994782  334.35154781
    123.78114263  310.52755319]]]