[[[   4.80612696 -130.36316933 -201.03036951 -127.51878583  152.15346793
    140.03419075  118.61065915   11.07902923   -3.61366632   -4.02104235
     -5.04076137  182.75572383  417.54102591  330.18968011 -161.98808675
   -364.32272384 -356.31531141]
  [   3.9500258    24.53589906 -144.3908461    15.76031688  -16.63585097
   -184.51403339  -33.63637306   89.42484664  117.55624437   21.83380379
     92.76683623  105.57537453  -18.07988398 -184.4995082   145.05780795
     71.74885443 -106.63875191]
  [-189.51216866 -290.4803559  -749.53016663 -975.80652643 -313.82403347
   -659.06403187 -949.49518022  113.52570047  364.63525617  564.21962334
    644.36753251  342.85048233  141.54238996  365.63739882  338.72913622
     98.72486373  279.96782283]]]