[[[  6.37610092e+00  -1.26228847e+02  -2.35520300e+02  -1.38226511e+02
     1.58948559e+02   1.46098076e+02   1.23293725e+02   9.36270365e+00
    -1.46870501e-01  -9.35027797e+00  -2.59371755e+00   1.61633777e+02
     3.88394357e+02   3.35482925e+02  -1.59556860e+02  -3.56230341e+02
    -3.10280758e+02]
  [  1.44926849e+01   3.84295252e+01  -1.41781508e+02   2.68654282e+01
    -9.44416610e+00  -1.89375444e+02  -4.24069131e+01   9.37349284e+01
     1.07729392e+02   8.06311524e+00   7.54127358e+01   9.48158237e+01
    -9.33671833e+00  -1.72843936e+02   1.37653807e+02   7.16405535e+01
    -1.03113888e+02]
  [ -1.77123541e+02  -2.91531734e+02  -7.56627126e+02  -9.78904085e+02
    -2.87424544e+02  -6.28546167e+02  -9.43054550e+02   1.29038846e+02
     4.01018146e+02   5.76608280e+02   6.51389688e+02   3.78218425e+02
     1.33389118e+02   2.77059036e+02   3.42667503e+02   9.16909080e+01
     2.35141864e+02]]]