[[[  -4.48269978 -126.52134961 -230.45417344 -151.3313325   124.70573599
    144.92781604  119.81309166    7.82860082    4.4942659    -1.0743976
      3.24793191  163.62031659  381.86738902  334.82884387 -153.38210032
   -345.31679396 -302.01788197]
  [  14.84252932   39.11047547 -125.60783302   31.72073829   -9.4254182
   -164.66840641    6.74472045   83.1709105    83.8526101   -16.69474162
     45.72194454   74.93293318    1.94213631 -163.33860698  114.79079048
     75.1224924   -90.38454078]
  [-150.8940607  -240.30818621 -676.06517801 -960.29242194 -267.38963243
   -706.752068   -970.16212816  152.47620938  407.2172146   590.81146482
    684.65851513  381.31616021  105.23678886  196.06384445  381.47462174
    100.55598971  158.72170902]]]