[[[  4.32485950e+00  -1.12652827e+02  -2.15161074e+02  -1.34974397e+02
     1.38035048e+02   1.58641448e+02   1.29678236e+02   1.27784676e+01
     1.52901599e+01  -9.15170361e-01   1.37749265e+01   1.73707235e+02
     3.55519722e+02   3.02954289e+02  -1.72224265e+02  -3.32112501e+02
    -3.25772163e+02]
  [  1.95852401e+01   4.12466827e+01  -1.32479575e+02   2.37709016e+01
    -2.07620183e+00  -1.69928509e+02  -1.87075369e+00   8.95677823e+01
     9.08390800e+01  -9.58107235e+00   5.61690756e+01   7.97880347e+01
    -8.52918088e+00  -1.74080559e+02   1.21232749e+02   7.51179402e+01
    -9.94541809e+01]
  [ -1.59044282e+02  -2.54076774e+02  -6.84518544e+02  -9.59538193e+02
    -2.79173369e+02  -6.84706861e+02  -9.59783110e+02   1.46120978e+02
     4.19982638e+02   5.90008024e+02   6.71704750e+02   3.94455712e+02
     9.18177425e+01   2.16837768e+02   3.68060795e+02   8.65459816e+01
     1.79437450e+02]]]