[[[ -33.47890108 -167.31929881 -224.34295968 -178.05496394  107.74124654
    140.79870633   88.85935461  -38.02879188  -40.27364249  -20.57906539
    -40.42859092  141.93023996  317.75303498  275.24049436 -195.55505668
   -315.54417344 -244.21543373]
  [  23.49403033   15.54372494 -142.90895107   18.23403305   31.4443335
   -118.69794967   29.7073926    89.80094842   93.10329463   -6.33714262
     61.56879881  114.28314496   68.1868398  -108.22534123   82.93873745
    -67.25035996 -211.54920689]
  [-159.71380434 -236.99235991 -661.54921225 -981.59064028 -264.24968874
   -664.65173665 -989.44237454  142.44697831  422.7641151   579.5773567
    667.72522848  393.30050829   58.96083964  115.00159831  376.24057729
    197.9264711   377.30781546]]]