[[[   1.14996159 -136.83816381 -161.12635526 -122.32700406  143.57331629
    173.47546369  127.67175917   -6.27257919  -17.29349455  -10.73614131
    -18.66028115  170.74224196  360.66216671  311.97263596 -204.51818582
   -354.24813967 -267.74120433]
  [   8.3643263     1.07174807 -154.9568959    14.73117481   15.65690931
   -144.18423183   19.22907956   86.89786492  101.59541132    1.33772385
     73.22026246  117.13445482   45.92591466 -121.13586905  100.31307988
     -3.03442073 -162.4966213 ]
  [-173.85949559 -290.1952304  -723.92427701 -997.10270586 -289.49140165
   -722.75509186 -996.44401737  140.44028542  416.368643    604.13335614
    688.21014827  391.63339275  145.20611242  218.98327033  358.8687462
    113.48698752  251.58226013]]]