[[[   -1.24778467  -137.44247026  -158.59148277  -126.58561959
     142.34685952   175.84179986   113.88291474   -13.03704161
     -18.91533255    -4.38600796   -17.78158555   138.37876102
     361.31750788   316.10600073  -176.57665332  -357.34096282
    -267.34244172]
  [   -6.16723606   -25.78107111  -178.74703306    -6.01588509
      13.44661147  -140.53924285    20.22716065    87.35449466
     118.64208785    20.29453874    97.15130088   145.11559413
      67.65446593  -108.521585     101.7756986    -25.43197181
    -182.42394158]
  [ -200.12097197  -334.03889045  -739.88376245 -1006.05891946
    -333.90273754  -739.74985921 -1007.05286419   124.56918622
     411.25925267   610.94141461   687.13673756   385.47234626
     142.66252805   287.32859818   385.20003832   141.2435543
     286.77107853]]]