[[[ -3.57819997e-01  -1.34836432e+02  -1.59439717e+02  -1.27156181e+02
     1.35374361e+02   1.64424376e+02   1.15943733e+02  -6.68332566e+00
    -1.83594331e+01  -4.90530461e+00  -1.83814288e+01   1.63636989e+02
     3.53831017e+02   3.02065987e+02  -1.70834118e+02  -3.52940151e+02
    -2.64541451e+02]
  [ -2.08685539e+01  -2.96548622e+01  -1.45384617e+02   3.58724707e+01
    -1.20822322e+01  -1.28774211e+02   4.73579647e+01   7.62266838e+01
     1.22744635e+02   3.02544073e+01   1.08662499e+02   1.35600324e+02
     2.10763826e+01  -1.47208355e+02   1.15303912e+02  -2.65292163e+01
    -1.83324310e+02]
  [ -2.08250364e+02  -3.44420046e+02  -7.76452317e+02  -1.01556328e+03
    -3.44437862e+02  -7.76436565e+02  -1.01568543e+03   1.08817058e+02
     3.82733753e+02   5.88460583e+02   6.51183422e+02   3.58942692e+02
     1.65780837e+02   3.82361705e+02   3.58594335e+02   1.64617515e+02
     3.82325246e+02]]]