[[[  3.66123986e+00  -1.29603119e+02  -1.57676362e+02  -1.20087580e+02
     1.37411713e+02   1.65435952e+02   1.33967787e+02   9.82617396e-01
    -1.46028036e+01  -8.29186417e+00  -1.62481934e+01   1.66747192e+02
     3.57241961e+02   2.70669329e+02  -1.65167454e+02  -3.50585744e+02
    -2.63622470e+02]
  [ -2.78112796e+01  -2.67431231e+01  -1.05588476e+02   8.57394669e+01
    -2.88794250e+01  -1.09670245e+02   8.24325779e+01   6.28404314e+01
     1.10109475e+02   2.03508123e+01   9.45495547e+01   1.11327296e+02
    -2.05209124e+01  -1.71646196e+02   1.14348854e+02  -1.85960229e+01
    -1.72242788e+02]
  [ -1.99148751e+02  -3.34389594e+02  -8.04899344e+02  -1.02894983e+03
    -3.33612613e+02  -8.03799022e+02  -1.02759754e+03   1.11741510e+02
     3.64613509e+02   5.77862412e+02   6.31173704e+02   3.67967076e+02
     2.10097528e+02   4.01417192e+02   3.40326631e+02   1.77054421e+02
     3.98204315e+02]]]