[[[  2.32741091e+00  -1.27499889e+02  -1.54710089e+02  -1.20277900e+02
     1.34179901e+02   1.62206658e+02   1.29233632e+02   2.34993989e-01
    -1.39053601e+01  -4.94854483e+00  -1.47305067e+01   1.63830386e+02
     3.51592952e+02   2.65343172e+02  -1.61753685e+02  -3.45964809e+02
    -2.58588729e+02]
  [ -3.25982913e+01  -3.30995867e+01  -1.05145705e+02   8.66257776e+01
    -3.20969832e+01  -1.05153571e+02   8.72220661e+01   6.13171758e+01
     1.15438865e+02   2.85002610e+01   1.03857832e+02   1.17189931e+02
    -2.79636394e+01  -1.80898190e+02   1.16784109e+02  -2.41049344e+01
    -1.75875117e+02]
  [ -2.05384925e+02  -3.42975653e+02  -8.06496924e+02  -1.02122510e+03
    -3.42406438e+02  -8.05748153e+02  -1.01933348e+03   1.01773294e+02
     3.70353469e+02   5.65584928e+02   6.08503421e+02   3.49308852e+02
     1.98628165e+02   4.58959187e+02   3.23038902e+02   1.91888086e+02
     4.16000138e+02]]]