[[[    2.09281751  -128.52983445  -155.59200399  -117.27316681
     135.03851226   162.44300416   127.58575552     1.05047634
     -13.85982676    -6.35003013   -15.25977653   165.09574335
     353.73369463   266.18944028  -162.68357852  -347.40537376
    -259.17000068]
  [  -34.2825927    -33.11327176  -117.35551591    67.25506841
     -35.45189919  -119.2034785     72.08846422    66.41761035
     125.72783209    37.81494001   116.5825551    124.89344163
     -23.4658577   -176.93058013   127.57837781   -21.74553948
    -176.80955426]
  [ -216.67402374  -358.31023367  -792.21325281 -1019.56491316
    -358.38708853  -819.63235002 -1026.80723415    96.59636715
     361.73272699   573.02278397   626.53696027   340.41154584
     213.36334103   446.70225923   338.20946474   182.51940729
     443.94056079]]]