[[[    2.23656664  -129.82723727  -157.47480298  -117.90378172
     132.39769982   159.91628401   126.09569334     1.1113685
     -16.71861873    -7.09212073   -17.87365208   161.92933364
     351.52546437   264.52801277  -164.67295787  -322.80712882
    -260.92239685]
  [  -39.93310386   -39.27557008  -115.01299392    70.47586898
     -40.59062178  -114.05727455    79.19536592    63.74185824
     128.52120814    42.89903417   123.02610593   127.52534225
     -28.06534499  -181.96457635   128.47404652   -25.69325198
    -179.26609265]
  [ -219.42295363  -361.17175006  -797.12401462 -1016.97291278
    -361.11399162  -824.40099398 -1023.87987706    91.84720648
     360.77336358   568.41095884   626.15426502   340.34814543
     217.41007811   486.04397697   312.59784297   181.04360771
     446.89734428]]]