[[[  -4.71362685 -125.8086732  -178.15699493  -69.44789979  112.35582345
    108.63372122  -13.0238561     0.88636615    6.33153519   -8.27544081
    -19.6179842   140.78611125  281.94236138  314.1010703  -151.8089757
   -261.64791426 -296.63335412]
  [  63.9101382    73.06004961 -375.06178212 -534.7439911    54.76024159
   -391.8966814  -542.30235994  188.89012494  199.11172826  101.47279418
    164.93864254  190.09173578  199.75947283   63.81895442  208.25628657
    236.45695138  104.62957534]
  [-203.98751203 -267.93231013  -10.43691794 -275.07140291 -246.52211581
     -2.3791402  -270.32968484   17.66518959  265.12842512  366.65549164
    485.87436548  245.58551669  -25.21880394 -221.06836136  223.61412385
    -32.65940893 -278.61163618]]]