[[[  5.68507228e-02  -1.15834713e+02  -1.45350325e+02  -8.22830470e+01
     1.12391227e+02   1.40377877e+02   8.03736782e+01  -1.14315014e+00
    -1.67536410e+01  -6.26292164e+00  -1.78324506e+01   1.36378586e+02
     3.01126640e+02   2.04962710e+02  -1.43763979e+02  -2.80104546e+02
    -1.75597386e+02]
  [  1.12834640e+02   1.13035369e+02  -3.38374099e+02  -1.17890604e+02
     1.12633873e+02  -3.38108125e+02  -1.21876466e+02   1.57169582e+02
     1.49743119e+02   5.50377099e+01   1.25723748e+02   1.56675909e+02
     5.90965768e+00  -1.17848745e+02   1.56168235e+02   6.37481314e+00
    -1.17208617e+02]
  [ -2.44756737e+02  -3.33179960e+02  -6.68624510e+02  -7.29177558e+02
    -3.32466464e+02  -6.66833870e+02  -7.26215754e+02   5.37350138e+01
     3.03880019e+02   4.74636087e+02   5.35868662e+02   2.81388749e+02
     1.71703866e+02   4.00263210e+02   2.58022079e+02   1.41488015e+02
     3.68011359e+02]]]