[[[  -8.17354133 -115.6158899  -139.33075408  -78.88340257  105.72793154
    142.29748817   74.00483505  -11.62066387  -20.21031161  -10.51323113
    -20.9637067   103.68173012  265.78770334  200.74566429 -143.32474232
   -243.33320938 -135.46190346]
  [ 112.74121897  107.45872898 -331.02057056  -93.08777195  118.02367304
   -318.52476135  -91.25041729  153.56814786  141.89170326   48.48796914
    118.60843812  155.41617113   18.68648488 -112.69775516  139.86747031
    -29.3642132  -139.90918794]
  [-251.44634884 -347.35780498 -684.69652719 -733.07518678 -346.4193244
   -683.12917843 -729.93230389   53.12591863  314.22016575  480.00614377
    524.73412941  291.85238465  180.6011066   384.25372526  289.26090979
    131.08949057  408.85436496]]]