[[[ -5.08657439e+00  -1.24193259e+02  -1.57278962e+02  -8.75460225e+01
     9.57942345e+01   1.23284576e+02   5.50838148e+01  -2.85597336e+00
    -7.06154456e-01  -4.02148389e+00  -2.68562611e+01   1.22048481e+02
     2.44926304e+02   1.50670852e+02  -1.22927538e+02  -1.93008645e+02
    -1.11753629e+02]
  [  1.21113780e+02   1.23626570e+02  -3.14808386e+02  -8.44041149e+01
     1.18600960e+02  -3.17472659e+02  -8.87233700e+01   1.56117559e+02
     1.33468580e+02   3.88407849e+01   1.09257863e+02   1.38762014e+02
     2.96529216e+00  -1.18147324e+02   1.37909097e+02  -2.04194962e+01
    -1.36687150e+02]
  [ -2.39522958e+02  -3.31477414e+02  -6.71212886e+02  -7.28167439e+02
    -3.32718615e+02  -6.70964934e+02  -7.27225198e+02   6.31909111e+01
     3.29521716e+02   4.87025853e+02   5.40163496e+02   3.05500572e+02
     1.38214600e+02   3.29926671e+02   3.04857079e+02   1.15359747e+02
     3.91731470e+02]]]