[[[  -2.16900477 -119.74098375 -151.84832105  -72.91424964  101.89348416
    130.28099218   62.61756506   -0.77365294    2.80203978   -4.3593851
    -23.30956219  101.25411976  246.75142685  124.1698517  -120.00608497
   -186.39080575 -105.8561567 ]
  [ 124.20587254  125.91179821 -315.003725    -93.23024055  122.49992166
   -315.26827717  -93.85361953  159.09659773  132.77027488   37.36863223
    108.1959154   137.4960663    -2.09710191 -122.76225631  136.99136042
     -9.65368056 -132.66753838]
  [-234.15755524 -323.66400851 -636.34129173 -712.9089635  -324.02005142
   -662.452824   -722.26775899   65.70562134  338.90927526  487.1659139
    550.33931679  315.22428102  122.40409291  339.81810453  292.10132435
     88.92816712  336.58214015]]]