[[[  15.03039335  -92.77645689 -154.95348032  -57.26964408  135.07021943
    166.10571046  107.13109456    4.03031024  -29.49805176  -22.86015503
    -60.29882294  124.37862722  250.04476505  122.47419852 -154.53611506
   -192.938834   -113.07175973]
  [ 140.35282783  141.60758427 -303.43506388  -77.13704998  139.0980455
   -305.89582749  -92.41922901  160.88509115  120.57613894   22.09440541
     88.8230075   122.02921919  -21.14307582 -135.51276667  130.42697385
     -1.80299951 -128.54728129]
  [-212.94644258 -297.46239261 -640.88551085 -720.03359434 -291.6620866
   -634.53633291 -718.10998104   79.44669354  344.04633043  483.36150239
    555.29767237  324.0272738   151.62811127  314.1619659   267.74884698
     57.66494102  276.7483663 ]]]