[[[  16.45760269  -98.26596944 -129.85123233  -39.32320678  129.08687199
    159.3030265    98.84117302    8.08973178   -6.85363793  -14.46666153
    -36.6824376   120.71359901  237.04088398   82.3236342  -132.12506575
   -171.23350767 -153.456165  ]
  [ 135.37833361  135.8516743  -311.63524904  -97.69083026  134.90497075
   -313.25094767 -106.58606894  163.28824854  123.90716255   24.31682405
     93.51877508  123.23446429  -11.23472487 -122.1815257   135.11478993
     13.98847176 -120.92436839]
  [-222.57202713 -313.31076064 -630.10205635 -712.41526754 -308.36489145
   -625.83246832 -718.26633711   77.87750643  361.1909446   496.56546048
    554.22132817  339.6801376   129.83588528  262.93487492  310.57837113
     49.03387482  293.19776607]]]