[[[  49.92359165  -58.58865977 -136.96282632  -11.61401409  174.47887441
    162.32659096  122.19975815   33.3765412    -2.69686319  -25.84593275
    -65.46744163  128.71543172  213.89070222   44.78431866 -129.61617531
   -169.94002839 -160.92392345]
  [ 144.95202627  158.40107794 -282.81224804  -69.03655226  131.50298087
   -314.95509243  -98.18482065  164.47749592  114.70449077   13.34819079
     81.86957532   95.2698923   -72.1643946  -165.89387292  144.79561405
     50.21100203 -107.01553061]
  [-229.95689197 -326.86993381 -624.3503519  -714.09185226 -317.62066731
   -616.06562547 -717.7941939    78.18950938  371.81581869  501.4726723
    570.06440604  352.38742193  138.95630733  309.83716814  290.74094691
     41.49617597  233.99294386]]]