[[[  68.21893267  -54.32489851 -148.80360846  -17.062665    175.54586253
    150.09242068  131.26069515   53.78500023   24.34678099  -22.36264305
    -66.03400077  154.11536723  209.25726014   35.52964192  -99.67818915
   -174.90566903 -205.14096768]
  [ 143.57634021  168.47886875 -245.6971131   -18.70293613  118.67383795
   -306.99029424  -64.25919353  149.95667343   99.4366644     2.46013479
     65.38342907   67.96306796 -122.81144173 -198.7443193   144.99404991
     74.42154131 -104.71560888]
  [-222.0444034  -304.57584322 -660.07242659 -724.97803473 -319.03233046
   -622.91438372 -717.85123419   80.24537313  341.300269    488.22357154
    559.37324808  345.40798629  169.3165161   369.94484437  283.164286
     38.70908101  229.34139142]]]