[[[   5.9381536  -108.25560524  146.00717454  311.00413393  103.5412851
    387.08905181  356.59149706  -38.55919496    1.29874748   48.57904414
     12.83590125  120.98334228  193.71180792  181.7168903  -142.54291585
   -220.12375632 -143.16569757]
  [ 110.59057742   21.44280027 -331.62690418 -353.12683972  199.73837139
   -152.28978805 -316.63619163  174.58241779  141.06758388   56.88351681
    104.79126269  234.39482411  285.27339043  188.77550063   50.09789013
      7.18222064  -71.45890579]
  [-191.55496845 -255.05194557  -22.88949447 -299.06832345 -255.21643333
    -21.34676762 -300.77060689   38.74268283  289.56240649  376.45124833
    479.49639237  268.71544902  -23.350094   -267.81434282  248.82726524
    -25.51828022 -294.77346435]]]