[[[  6.80959565e+01  -3.77061314e+01  -1.25518726e+02   1.92324929e+00
     1.71844949e+02   1.79327336e+02   1.53613643e+02   4.64341203e+01
     1.18683460e+01  -3.19163045e+01  -8.33712259e+01   1.46585055e+02
     2.09215756e+02   6.34770375e+01  -1.16585630e+02  -1.92287133e+02
    -2.26849635e+02]
  [  1.45876653e+02   1.63359343e+02  -2.60163535e+02  -2.12359655e+01
     1.28393983e+02  -3.06832218e+02  -6.42936830e+01   1.53090264e+02
     9.99249043e+01  -4.49064849e-01   6.32327263e+01   7.37090946e+01
    -1.13965936e+02  -1.98403406e+02   1.41784884e+02   7.26112974e+01
    -9.89482718e+01]
  [ -2.31805355e+02  -3.32927506e+02  -6.75101190e+02  -7.35768828e+02
    -3.21618822e+02  -6.34423839e+02  -7.29378864e+02   8.09523984e+01
     3.63085869e+02   5.00649884e+02   5.65560403e+02   3.69464692e+02
     1.89590921e+02   3.65518543e+02   2.78930153e+02   5.01163774e+01
     2.19196856e+02]]]