[[[  84.72282292  -13.83848797  -71.26588496   41.53133718  184.6528407
    159.7627097   173.74702837   60.36261023    1.23472732  -28.10216589
    -37.68601079  132.29755022  184.7163466     2.71417377  -95.47290754
   -203.47522118 -243.63983602]
  [ 153.10129684  175.05037046 -214.38006315   57.66135715  131.15226096
   -272.07730553   12.48363357  136.92957696   71.69196201  -24.88561648
     35.19148053   39.61609473 -168.87053061 -231.52067428  121.13999412
     56.74124435 -120.31909902]
  [-229.02463857 -321.00613084 -694.79388191 -744.06921856 -334.06251722
   -685.39366294 -753.45777739   85.650578    347.96422403  499.25556599
    571.32342945  354.58612902  228.5712342   383.58746861  292.69182441
     67.92403017  236.31196695]]]