[[[  112.23691102    33.14136265   -46.88621516   122.92484818   214.204696
     201.11712407   330.8515911     99.00490144    39.8809576
     -47.18200309   -65.09844128   138.55362241   181.07767537
       1.87590108   -46.06266268  -192.91177702  -275.93866699]
  [   14.3832104    126.5681504     83.43368996   182.93166153
     -97.80164772  -140.9506773     -2.51415495    22.23596517
      14.70695986   -42.00956899    -6.71109048  -103.1567579
    -338.83762973  -347.06475496   140.17880185   193.23541648
      21.70222913]
  [ -146.27047697  -250.5124212   -678.47730536 -1026.73967642  -221.974301
    -672.31906164 -1019.34909226   142.42013251   395.52899867
     515.60987614   591.01422408   382.52796591   296.49292378
     446.90135108   343.75912074    95.67496386   324.94838934]]]