[[[  9.15251530e+01  -4.83898803e+00  -9.81431021e+01   4.16384174e+01
     1.88906574e+02   1.64549477e+02   2.12738763e+02   5.94458572e+01
     8.13192930e-02  -4.52263251e+01  -9.67204270e+01   1.25986397e+02
     2.31807924e+02   8.63672692e+01  -9.28678274e+01  -2.31593704e+02
    -2.73534912e+02]
  [  1.37526481e+02   1.61775479e+02  -2.02554910e+02   7.81977617e+01
     1.13277517e+02  -2.69448931e+02   1.18140154e+01   1.19384856e+02
     7.00323258e+01  -1.93137187e+01   3.34366171e+01   3.82156740e+01
    -1.78801689e+02  -2.33391541e+02   1.24016188e+02   7.21662370e+01
    -1.01088893e+02]
  [ -2.11461871e+02  -3.20791000e+02  -6.97429322e+02  -7.27732919e+02
    -2.82814528e+02  -7.11665868e+02  -7.46540475e+02   8.16446677e+01
     3.22909837e+02   4.58421769e+02   5.14753483e+02   3.13406728e+02
     3.36489729e+02   4.44517462e+02   2.38865829e+02   3.28550008e+01
     2.58184544e+02]]]