[[[ 105.49704048   21.15150417 -104.23691864   35.74007371  223.13432337
    200.43789259  215.70349492   59.15025077   -1.33823194  -60.4780483
   -131.64735493  105.56796267  255.27201053   84.93997901 -126.66479954
   -241.86438407 -284.75198338]
  [ 183.22137445  216.51864981 -150.66989197  126.08817371  149.92418578
   -239.04538067   51.35590746  126.32906915   17.63117932  -80.47696132
    -39.26793661  -13.76068202 -152.53145281 -245.42526881   87.02530326
     45.55471911 -126.66712848]
  [-181.85503111 -274.46920637 -615.66815041 -704.45088818 -262.54010253
   -634.86186175 -726.50536809  107.41200394  334.09360329  458.11706337
    524.66258905  346.08327285  156.40418119  161.05818098  280.9842931
     67.76712741  327.18498302]]]