[[[   1.72669646 -111.72153603  170.42973834  331.93116608   94.48060701
    400.4182271   375.01927555  -44.1405495    -3.79467967   54.25091923
      9.43292216  112.55068851  185.92162176  205.28188375 -121.75053791
   -224.11709961 -146.28387069]
  [ 109.29315907   11.64503387 -322.54056226 -330.71566089  206.94131235
   -124.25777373 -286.93929807  168.70157318  135.32314988   55.82712108
    100.25786077  238.51458738  298.1106076   204.28421412   36.28186453
    -11.32345139  -91.96384513]
  [-193.37807231 -257.97465342  -21.04677048 -298.7568512  -258.6253273
    -21.73263213 -300.45790605   37.69106519  283.63129029  374.20206651
    472.62803883  262.58987839  -26.93395998 -244.27072258  262.83364993
    -29.29855207 -298.50940662]]]