[[[ 102.43918249    8.48254293 -118.7931511    27.46367986  251.26466476
    201.0336666   220.0453024    52.67877488  -43.11000829  -68.77718316
   -122.4030202    99.67993439  293.12426428  115.20041858 -147.60485506
   -262.34170325 -274.53275379]
  [ 180.50775106  208.86078968 -179.22168423   72.87365477  152.15476919
   -257.22384308  -10.35234612  134.01561415   34.04745075  -66.78239842
    -24.4477499     4.73972644 -123.34360101 -213.87422908   99.60456639
     60.8379401  -103.67001992]
  [-166.3913745  -279.70481971 -600.01668944 -696.47833628 -208.81032195
   -584.67855539 -706.72909485  111.79789841  323.20595547  452.40939645
    518.54065085  359.04478917  195.11128764  107.51640682  260.89963853
     34.48273783  268.68010087]]]