[[[  8.78406132e+01  -1.38196206e-01  -1.20064983e+02   1.72555977e+01
     2.45192758e+02   2.01527201e+02   2.07900771e+02   4.27072015e+01
    -4.74965487e+01  -6.70534462e+01  -1.26118730e+02   9.68815102e+01
     2.97166573e+02   1.54055199e+02  -1.53870364e+02  -2.67565008e+02
    -2.79569412e+02]
  [  1.67153165e+02   1.87947776e+02  -2.20267325e+02   1.65812271e+01
     1.46358578e+02  -2.79239022e+02  -5.54480325e+01   1.41558387e+02
     5.94215862e+01  -4.22318046e+01   4.84256031e+00   3.65571964e+01
    -8.29868610e+01  -1.84541652e+02   1.15417290e+02   6.58884571e+01
    -9.50997246e+01]
  [ -1.76397158e+02  -2.79900152e+02  -5.95602879e+02  -6.92259615e+02
    -2.31589842e+02  -5.79587094e+02  -7.00788526e+02   1.02980589e+02
     3.30321499e+02   4.56405096e+02   5.04492586e+02   3.67239923e+02
     2.04355620e+02   1.17607831e+02   2.66707961e+02   1.38381706e+01
     2.78218187e+02]]]