[[[  73.35457565  -21.33422243 -132.83999198    5.81936656  224.91261792
    221.08933567  207.41642676   34.69860114  -31.84871887  -56.91534186
   -106.29949812  107.56833523  310.80647647  139.25617753 -168.31451926
   -252.85167172 -290.14432055]
  [ 153.65846223  165.7670267  -268.15210205  -55.70252976  141.54989302
   -305.14281537 -109.87397179  152.63494732   92.21127642  -10.22838087
     42.89684245   74.43979163  -45.44591827 -150.63518794  135.73229494
     70.2651534   -92.27484337]
  [-181.92779102 -279.10562608 -586.13004277 -682.87256867 -231.45984706
   -571.12746172 -694.38990053   95.46300146  327.57552551  460.90195146
    525.91736569  363.11848054  200.14718675  116.26712868  240.46311439
     12.72086036  274.87814211]]]