[[[  74.35613676  -32.95476725 -158.34245165   -8.55700339  224.27090673
    168.55531162  237.64142262   59.47983971  -12.0573198   -79.83722392
    -95.76931762  136.7781373   324.2538444   185.22371453 -152.3504057
   -232.10368795 -355.50396472]
  [  42.76655701  125.64138296   -1.72263315  130.64490711  -40.10816745
   -165.92071253    8.10745648   59.52799599   26.66340172  -57.98840081
    -16.24343293  -52.46258332 -170.71001696 -270.30949629  129.85257549
    172.14140991   12.52170173]
  [-118.10332027 -243.01297008 -660.29610426 -942.21824516 -209.99788621
   -651.6874821  -937.40586912  177.85661037  424.75656502  567.66076829
    640.21589369  435.46044223  245.67560923   69.75421211  338.85147222
      9.10509108   92.23792409]]]