[[[  7.24064683e+01  -2.00231029e+01  -1.39407803e+02  -7.11227080e+00
     1.98930037e+02   1.38895348e+02   2.13932624e+02   5.85106151e+01
    -6.78738982e-01  -7.76571368e+01  -7.96044106e+01   1.43996455e+02
     3.26999396e+02   1.99151368e+02  -1.65881673e+02  -2.37127191e+02
    -3.65249686e+02]
  [  4.64570995e+01   1.34029598e+02   1.79813725e+01   1.34266625e+02
    -4.11153577e+01  -1.65435286e+02  -8.32632210e+00   5.27841310e+01
     1.12458723e+01  -7.45157733e+01  -3.86008980e+01  -6.90201658e+01
    -1.76195381e+02  -2.79151646e+02   1.17949758e+02   2.01245824e+02
     6.77073627e+01]
  [ -8.97989971e+01  -1.99292778e+02  -6.01855707e+02  -9.07761139e+02
    -1.69465308e+02  -6.23108158e+02  -9.10789231e+02   1.96867434e+02
     4.14605769e+02   5.68534182e+02   6.47047019e+02   4.51937975e+02
     2.32628308e+02   2.13460769e+01   3.56591926e+02   2.84827386e+01
    -1.10703057e+02]]]