[[[  71.86591172  -35.32029716 -153.74218641  -28.70479439  215.63618214
    158.22033562  204.42241756   53.96194807  -15.51413762  -78.43171553
    -92.34303559  129.33828708  307.74317449  218.02743077 -151.97491875
   -245.32441844 -334.74641621]
  [  59.61849663  135.86722059   -6.08949532  108.92488544  -16.63021477
   -164.90240794   -8.33648834   62.40216568    6.82551981  -85.16480992
    -49.40393213  -61.99706014 -147.79297937 -251.54876688  104.96773191
    194.44340899   65.5388969 ]
  [ -82.08410355 -187.18978483 -576.21824699 -883.24945084 -157.07807841
   -569.17979754 -874.85025076  203.21894255  416.21791145  569.51809574
    673.36652764  451.48928477  203.35311486  -12.34398014  358.20233799
     26.54333902 -208.55605258]]]