[[[  3.37484178e+01  -8.19247967e+01  -1.31144314e+02  -2.40165970e+01
     1.49939999e+02   9.08281760e+01   1.48533069e+02   3.65437200e+01
    -3.04052659e+01  -8.25636753e+01  -7.14534798e+01   1.09021941e+02
     2.79823432e+02   2.30403186e+02  -1.52702294e+02  -1.71491879e+02
    -2.20894705e+02]
  [  2.76358554e+01   1.18985739e+02   1.27452447e+01   1.08681983e+02
    -6.37139868e+01  -1.66957473e+02  -2.74702837e+01   4.14119969e+01
    -4.29690513e-01  -8.20171862e+01  -4.51519462e+01  -8.13283895e+01
    -1.23468161e+02  -2.14895183e+02   1.09305930e+02   2.23331706e+02
     1.31073124e+02]
  [ -7.67314103e+01  -1.76861058e+02  -5.59788511e+02  -8.76810411e+02
    -1.75680377e+02  -5.82980636e+02  -8.77213224e+02   2.10766665e+02
     4.65376633e+02   5.93964974e+02   6.89704765e+02   4.43122636e+02
     1.61889636e+02  -1.25220319e+02   4.06594890e+02   5.92982830e+01
    -2.03093822e+02]]]