[[[  27.6194222   -73.73176645 -153.69642323  -31.42809496  123.60443413
     60.08365885  126.09253256   35.23404015  -20.50348291  -91.43441386
    -90.6494798   113.50709114  255.33795394  237.1783687  -136.47457492
   -148.7449958  -165.91078368]
  [  21.63397849  128.7913697    29.57319184  108.57349205  -85.52338387
   -174.1302372   -48.12373488   36.28310492   -1.6788889   -74.1807041
    -41.88933516  -98.2588786  -146.04432501 -223.63935594  122.46761109
    249.05045938  175.56197559]
  [ -71.58945948 -166.55124108 -573.64966378 -876.93499064 -165.60176787
   -571.66549769 -871.61467179  213.09080233  446.67358375  591.71863842
    691.94517728  445.98595995  139.87135153 -150.46451284  417.26735912
     75.42500816 -191.06725413]]]