[[[  26.38103021  -74.7378032  -159.24558962  -32.87771606  119.25859254
     52.98760675  115.66828141   36.26531096  -22.46443299  -98.51124411
    -94.98780317  110.42770053  253.29366643  234.63367587 -136.80177257
   -149.76073354 -132.60310705]
  [  21.37590842  138.23166969   39.29444192  105.98744202  -95.4797967
   -181.21895518  -57.33282539   35.62319783   -2.90078457  -71.19574005
    -40.56813802 -110.37720107 -165.38495241 -229.26748638  132.03853915
    266.15996631  199.06996467]
  [ -86.09389711 -194.21336286 -576.25664318 -888.47489277 -193.86070696
   -574.97700148 -883.68815077  209.50984553  453.31790793  601.68196754
    702.11146183  451.57327066  142.46586822 -181.77014644  424.89303497
    111.04494696 -153.71485413]]]