[[[  1.90445753e+01  -8.14859945e+01  -1.64870182e+02  -4.02882288e+01
     1.11752386e+02   4.64449998e+01   1.12256737e+02   3.43316845e+01
    -2.51056594e+01  -9.27794763e+01  -7.28606056e+01   1.06546564e+02
     2.46977418e+02   2.28221276e+02  -1.38820102e+02  -1.20835470e+02
    -1.35964631e+02]
  [  1.55564260e+01   1.30374332e+02   2.98356619e+01   9.62773254e+01
    -9.92614298e+01  -1.79290651e+02  -5.63126544e+01   3.42309798e+01
     1.85036681e-01  -6.77287623e+01  -3.55269749e+01  -1.05988926e+02
    -1.54758624e+02  -2.22876426e+02   1.32907704e+02   2.67634622e+02
     2.03677082e+02]
  [ -8.68486105e+01  -1.96077984e+02  -5.77334277e+02  -8.86933009e+02
    -1.95490967e+02  -5.76054093e+02  -8.82346094e+02   2.08759616e+02
     4.74736939e+02   6.06474616e+02   7.00497789e+02   4.49536133e+02
     1.39041240e+02  -1.84094818e+02   4.23087307e+02   1.07440447e+02
    -1.57094193e+02]]]