[[[  -2.41119403 -113.67063402  192.03921083  354.02547612   88.41078826
    408.56296472  392.76366127  -50.15987646   -6.97684539   56.61009983
      6.55559556  107.39307695  179.34318784  170.49424739 -122.22732111
   -194.91127902 -114.41081722]
  [ 110.83135604    6.86464077 -309.9523043  -306.16195293  214.79809833
   -100.12746342 -264.06223893  165.22239084  130.79578159   55.75003288
     98.99534716  240.16252773  294.10772716  204.71549174   23.55872386
    -31.44044674  -93.68688267]
  [-193.48468411 -258.9814857   -23.54388749 -301.7672949  -259.66003665
    -23.09916988 -303.28650334   38.69241796  285.15887482  376.4014721
    474.86829493  264.07143926  -26.71609682 -245.05405479  264.03555651
    -29.91460136 -299.1460668 ]]]