[[[  14.89484193  -84.42421531 -169.70605361  -43.38683094  102.98428792
     37.99347618  109.24888038   33.55089483  -28.13612664  -93.97005367
    -76.17347445  100.58291651  239.01670515  219.24208342 -111.43981789
   -120.68949028 -109.25029102]
  [  15.37626804  137.3726381    41.99998819  103.81818165 -106.62004679
   -176.70751544  -53.72938383   31.38718825   -5.31785708  -67.68223312
    -38.83607259 -118.06655853 -168.12240639 -229.57687855  134.81915614
    276.33155615  216.45116736]
  [ -84.01066256 -176.5940572  -583.30490066 -892.92300728 -200.32923829
   -584.13818606 -889.09843486  210.62409772  468.48414433  607.42536414
    716.85064527  441.33720583  102.90716131 -195.14498905  418.82442995
    131.00435651 -128.92298651]]]