[[[  -3.88869691 -102.45918375 -153.0040479   -17.15681186   82.20023538
     20.94427665  106.37941456   17.24667516  -14.81099152 -109.00611921
    -93.08691472   84.71583216  227.56156091  202.0196663  -124.67487969
   -129.40555369 -270.67670278]
  [  10.8657797   139.21849541   61.63263784  126.39560071 -117.48673236
   -172.70672226  -62.47366081   34.51363365    4.65616658  -43.44541104
    -16.31942001 -114.07421854 -165.06574698 -251.36009116  151.86614084
    289.03840024  221.5211548 ]
  [-101.05834256 -201.92677408 -623.25531881 -932.94053039 -201.72274429
   -595.4877924  -927.14149928  196.06042465  460.11580407  602.84168147
    714.69251949  432.78160634   83.52255318 -219.36315971  411.30965693
    133.96160615  155.93697608]]]