[[[  12.41107587  -86.41027585 -136.68840962  -19.39763354   93.88614156
     32.09022479  110.93534241   36.91543612   -1.76873267  -83.93934411
    -47.24609698   94.96687721  225.26762023  170.81436778 -109.0316094
    -93.94936514 -141.93074195]
  [  10.81201094  134.77265245   55.08737112  113.00879114 -113.14859881
   -169.50909421  -55.77254462   26.82027821   -4.50264327  -63.05045274
    -35.76808731 -121.68284146 -181.91251756 -250.58117203  136.10326899
    277.07351085  222.13148394]
  [ -81.07901336 -173.08650437 -575.73843165 -885.2736261  -196.88026117
   -576.61396043 -882.08297148  210.23431068  464.08164711  608.93793633
    710.06962682  436.27708353  100.21708203 -191.90095602  437.63315714
    128.62165686 -159.0474481 ]]]