[[[  20.29612424  -60.06575766 -112.81776117   16.20448073   84.13195254
     21.65983163  113.2607041    40.43503008  -10.15454958  -87.11107173
    -55.98116055  109.25025851  209.72901437  154.03636783  -90.47465366
    -99.0826754  -150.23086691]
  [   9.83548293  139.58902298   75.66256043  129.96487552 -119.9180527
   -167.16350261  -66.46318125   23.15090536   -6.44663919  -58.43679322
    -35.14742626 -129.72241573 -202.42908823 -266.98144855  137.84043885
    275.90730763  224.5239439 ]
  [ -71.77549825 -167.65481069 -595.81616158 -890.700657   -167.88267075
   -570.30097986 -881.7040032   213.65560969  458.05864824  601.87702633
    700.02720966  430.76516729   99.73173339 -188.49520532  431.84094387
    127.88238634 -154.76507532]]]