[[[  29.24293612  -48.8043085  -100.88777339   27.13893838   93.11309239
     32.66771235  133.83603033   44.76033665   -3.77974806  -86.58600302
    -49.66067015   87.67120887  213.23749442  125.19355558  -82.69946464
    -90.05584603 -175.99525293]
  [  11.01101181  138.66986195   78.28720426  133.74085813 -116.64781223
   -160.85869184  -61.67989066   21.33163253   -7.98555476  -58.13723016
    -35.97888728 -129.17690709 -198.93571209 -268.30352938  132.90237519
    262.74777897  206.85428523]
  [ -58.22650994 -143.15677574 -568.89899007 -867.54873086 -143.51186272
   -568.72561945 -866.344044    216.17387792  449.41689845  588.28821111
    688.06662856  422.93159719   91.57729917 -194.25797783  422.76100005
     93.24640623 -162.13205649]]]