[[[  31.14582822  -45.55254203  -62.85840934   68.64023451   91.67920512
     34.070695    143.5485728    44.60255746   -4.93535553  -90.27417561
    -50.72522959   84.66856848  179.80889987  120.72223709  -81.87806375
    -88.43353723 -176.5664682 ]
  [   8.62851326  140.45011471   93.94050492  146.60181523 -123.19307216
   -156.228053    -63.80088057   15.96773101  -10.25086869  -56.37571985
    -35.30438676 -137.13851035 -218.78735085 -285.52149154  133.78110649
    262.08699032  217.41601202]
  [ -58.71721046 -146.90376927 -581.53321752 -881.84187952 -147.5601558
   -580.95550588 -879.79829148  217.93502014  452.58085289  593.87063206
    694.43658111  426.2598999    93.45433331 -166.50910452  425.87860742
     92.86535811 -166.50339769]]]