[[[  45.44429227  -10.96231054  -24.7080982   115.67495175   90.6331973
     33.15008349  160.7053468    50.28670602   -8.26913173  -95.91412453
    -55.27697693   77.78292596  170.20006035   77.48206298  -81.17588828
    -89.61042812 -179.24549645]
  [  11.1705201   146.59633743  110.72485956  160.74543586 -124.25526864
   -151.42130743  -66.7161239    12.40810881  -14.94890236  -54.68376038
    -37.60400336 -145.57328942 -232.17428225 -288.79899346  131.16322613
    251.79610906  201.49441046]
  [ -51.86569069 -124.85729058 -584.99000157 -881.34463452 -148.64936415
   -585.05449644 -880.44102335  220.0594941   446.05495743  585.2110722
    685.81500585  419.78936935   86.94608215 -171.21700601  419.94702013
     89.47389292 -137.81472507]]]