[[[  47.82101826  -10.23527824   12.76444871  155.76723476   92.90079876
     37.53244325  178.14415723   52.20547607   -7.68932825  -95.30936972
    -55.35808065   79.57335002  170.37169668   41.99713193  -81.98725426
    -94.04412937 -185.82579878]
  [   7.25477019  142.55384399  113.13249324  163.06621474 -128.04425464
   -151.83863373  -70.61716789   10.87851073  -10.99125294  -50.60108981
    -31.37081066 -143.46312484 -239.06186531 -288.78640814  134.62562018
    248.50946504  184.3158636 ]
  [ -63.58544362 -159.8124398  -607.65803738 -904.68434756 -160.24619487
   -606.21001381 -902.98127845  216.8463297   450.70095201  595.46473888
    696.38168919  425.43023589  113.96487469 -143.36161204  423.30430373
     88.22680053 -105.44996949]]]