[[[  60.42853766   24.02371186    4.21388477  154.24614167   79.52771334
     18.00934893  160.0932729    68.52175555   16.03396712  -92.19927126
    -63.2661006    65.63950512  116.92613188  -20.24154417  -21.07164863
    -59.92523856 -159.8697313 ]
  [   6.17262192  154.80845139  132.03509077  140.97829524 -142.46314967
   -158.94787646  -96.69434438    8.73913022   -5.44029803  -27.04847602
    -16.53672749 -154.89322479 -269.67480876 -291.31310459  151.19267271
    269.69760554  219.74429658]
  [ -72.55742515 -173.68775303 -600.27362547 -904.41481299 -174.28470588
   -599.76295362 -904.95507714  213.28682803  453.91871568  597.86450503
    682.62571783  427.49943462  106.89753282 -157.05971261  450.60335201
     85.54854832  -82.11240077]]]