[[[  54.34812411   22.55718756   42.43028366  198.31515866   69.56596356
     16.24755844  165.33701821   60.28411183   11.14456203  -95.32575931
    -66.0387513    56.96509213  106.62817389  -25.0102308   -22.17736465
    -57.90280985 -154.40966495]
  [   6.32196155  153.0442769   140.41893937  149.58312917 -140.40034784
   -149.02467872  -97.13725163    5.17507528  -10.8597982   -29.40253896
    -23.33357233 -157.97872731 -274.95511951 -299.66885375  144.30160533
    274.44887075  241.36979943]
  [ -64.88803895 -164.62556846 -612.04905792 -908.2329877  -166.49715718
   -612.23282466 -909.50001971  216.57758704  465.93666035  592.29565509
    664.52660699  415.99719901  107.02805542 -151.41743817  441.19482306
    139.93084779 -106.71457595]]]