[[[  27.31985145    4.94047388   23.16722019  172.6104743    43.85590599
    -39.96359472  113.04646544   37.49550659   -3.08448072 -107.93367782
    -80.30228403   38.72661256   88.78446535  -43.80972891  -32.31458954
    -99.23299417 -216.29342717]
  [  12.61560641  162.65123152  149.07461832  153.62401899 -137.41979791
   -144.75124394 -108.26057775   10.6272893   -22.0389274   -24.22113644
    -26.28529613 -168.82333581 -284.22452734 -283.25009389  141.32096192
    318.75031922  263.58949003]
  [ -93.74297103 -171.84165031 -620.21336968 -980.27700285 -175.37288354
   -623.09311503 -989.36803943  193.70821033  438.83509747  573.1157921
    658.26166549  408.50676656  102.49938201 -180.79587081  443.68459236
    283.52247143  297.8414724 ]]]