[[[  32.6324619    13.36504099   25.57723165  168.53697539   45.63053367
    -78.94519175   67.5067968    46.32245203    2.03599665 -104.56471756
    -76.76208897   41.55722183   92.94344773  -41.37954523  -24.02264653
    -69.40029134 -190.03045302]
  [  11.99852288  166.16004775  151.60873267  140.10849212 -142.16278266
   -149.33604802 -117.49411455    8.82915337  -22.28874329  -19.902387
    -24.57697287 -174.08958934 -292.56658919 -286.89034426  144.73847783
    329.84117416  282.0212514 ]
  [-101.14673737 -183.75288488 -605.9882611  -973.57098956 -187.84100692
   -608.686406   -982.96112761  191.44160825  460.90203765  578.52961124
    661.05683817  406.61333243   93.68934835 -195.87996714  442.68530607
    280.01781369  286.55406297]]]