[[[  31.80495346    9.66023992   22.82489056  163.60725276   48.36381058
    -76.17614513   72.93596507   44.12925665    1.41539067 -105.82382178
    -76.37179252   43.51422019   94.65661438  -39.59770036  -28.28952821
    -99.63263363 -219.84553042]
  [  13.9348493   166.84523804  148.89268394  143.20460653 -138.97530439
   -153.09281741 -117.1193229    13.21106367  -18.00856995  -20.03306774
    -21.36990599 -167.7995103  -281.15816878 -279.92865868  147.66321522
    321.87255246  261.92343846]
  [-101.42161144 -185.04755745 -603.93685526 -971.11772605 -188.53442776
   -606.30016009 -979.64151693  190.46555708  455.42160982  577.27030666
    654.27217533  424.86141762   90.94270497 -196.97542621  436.58711821
    275.59986711  291.55409567]]]