[[[   4.0314456   -67.87735618  -32.49748073  -89.65838696   58.10097283
    145.64073489  329.57574264   -9.53345618  -63.05629849 -118.13809576
   -112.28407474   37.07383061  111.81079543  134.29994105 -119.4930238
   -154.87939248 -176.75600403]
  [  12.41767458   94.30928619  104.91194771  175.66638639  -69.47398029
    -27.63169924   77.65115071   -3.1393028   -41.80155496  -89.70068265
    -77.28894232 -118.0277203  -165.34647881 -224.25887591   57.19916186
    181.91006825  154.61490923]
  [  22.35166239   65.90774151 -461.97221562 -798.27255839   64.26238765
   -466.67824363 -755.8603207   221.91443906  443.88400315  465.92598362
    578.54247135  452.36753817  198.89035061  -50.24596959  422.77118922
    159.89815241 -132.00122616]]]