[[[ -24.92123071  -95.13928439 -183.52655098 -389.50100056   74.77023809
    190.72404887  229.04173007  -48.95540428  -67.98129119   27.0362235
    -21.97908511   30.20189381  181.06682242  156.41904921 -131.7676361
    -50.44686868   78.11793459]
  [  19.19388038  -83.18296989  -77.16472419   47.85672076  121.57067176
     62.97966262  113.58747455   25.53331597   -1.69285001  -46.75596078
    -27.2146611   116.91748921  212.5461447   104.42567616 -111.1684994
   -257.82187662 -236.16399517]
  [ -50.02138604  -14.54373664 -508.17432117 -892.12805636  -12.34420563
   -493.59815269 -903.60380336  181.38217159  443.77201438  491.43885058
    593.49568157  425.9329075   270.75958255  145.6209057   417.69249707
    181.66245906  101.22107659]]]