[[[ -14.69640579  -66.19017592 -184.72097668 -290.9753432    49.53986572
    104.60259389  214.38081581  -46.7600325   -52.36088807   13.09267766
    -11.15608079    1.40866142  146.13281606  199.95451747 -139.07211416
    -63.78411066   92.24041912]
  [   5.95333854  -91.12015325  -59.85234054    9.90408119  103.02681285
     78.05467593  124.29356642   18.07341822   11.70661782  -24.212073
     -5.74191947  120.53205922  202.64511913   79.47815819  -91.11087754
   -260.64649793 -237.98362942]
  [ -54.33291723   -7.99014662 -551.95548133 -913.32447231   -5.34555448
   -541.56887564 -923.14193534  152.30144537  402.0602954   433.16641096
    509.68453526  385.55702156  202.41056948  342.3521194   351.55187389
    196.01918863  345.40265069]]]