[[[   12.24605271  -104.6311015    -99.86924758  -140.35337509
     121.0028341    109.79382016   121.33313979    13.5620519
      24.44940396     4.77206081   -12.32031623   158.7936728
     337.16681615   280.93757425  -145.1993921   -270.11248746
    -259.65820152]
  [   23.07920235    32.4579227    -55.08388466    53.7444466
      13.70045122   -74.86582036    23.43054289    58.17355059
      41.32714214   -44.75060284     6.32939111    43.1918326
     -26.24133351  -154.50575265    62.99726066    58.28726514
     -70.79120989]
  [  -78.7311447    -99.55801373  -614.09927038 -1060.55530765
     -97.52934077  -462.79583792  -951.09837731   172.23347933
     400.56942837   516.88946946   601.96154609   379.73484724
     182.02252214   309.41256265   375.78220769   157.77897273
      60.88610441]]]