[[[    5.13233492  -107.79085688  -161.32247637  -289.00328111
     114.46035093   150.25003418   199.07267672    17.68797445
      24.86706881   -12.32595562    20.93045397   156.86414882
     292.98239996   379.3052433   -141.11138246  -267.40717754
    -372.09720235]
  [   29.78963579    61.73636832   -73.43738241   -74.4840306
      -2.15718442  -124.45658564    20.78662616    59.10328451
      27.02336997   -59.59913828   -23.02487016     4.21780466
      -5.16506666  -132.730941      80.89799166   156.92483773
      53.27102744]
  [  -65.24442504   -41.68826601  -468.11352775 -1044.07146148
     -44.73728639  -371.55485639  -641.23085106   181.40750773
     445.48636528   509.63580594   643.7373765    422.05320551
     203.94743655   -28.55586587   454.58811079   211.02894031
      13.69935114]]]