[[[ -18.20794696  -76.99113739 -158.05602035 -317.15455454   46.91174534
    109.21648536  224.12941483  -37.93768838  -49.91109646   50.07968227
     33.86481533   40.51979457  149.89677039  207.60916818 -111.91544721
   -125.89106464   27.77112663]
  [  12.33795256  -90.14084569  -68.93164692   20.59512554  114.81684749
     82.64491881  115.55867159   15.50382219   -9.19476965  -46.67434175
    -34.99035499  109.64243762  223.26477161  135.00037791 -113.93442271
   -230.85224024 -236.79015485]
  [ -33.02032993    5.24229341 -572.52451469 -886.39603044    9.93600029
   -491.1087152  -890.8314451   189.55047864  445.18086973  476.92638186
    560.25565106  428.3687302   285.64465045  208.5896639   421.81042953
    229.29934589   -1.88125475]]]