[[[ -1.27040665e+01  -1.03454122e+02  -4.82555215e+01  -2.77878802e+00
     7.96486398e+01   6.80833174e+01   3.50018430e+01  -4.53824671e+00
     1.57619828e+01   5.00177051e+00   1.53618022e+01   1.23739650e+02
     2.32880816e+02   2.19532114e+02  -1.26964509e+02  -2.59793596e+02
    -2.48763628e+02]
  [ -3.60206080e+01  -1.96254146e+01   5.39144835e+01   2.19846271e+02
    -5.24157864e+01   1.70551965e+01   1.63427172e+02  -2.46278874e-02
     1.28838990e+01  -5.07442765e+01  -4.11337976e+00   8.21809824e+00
    -5.61421276e+01  -1.55576268e+02   3.67651100e+01  -2.04779592e+01
    -1.16202732e+02]
  [ -7.93621053e+01  -4.44620874e+01  -6.21617469e+02  -9.68330242e+02
    -4.70036130e+01  -6.23217441e+02  -9.70065744e+02   1.50686984e+02
     4.21342181e+02   4.72905017e+02   5.63493166e+02   3.71715069e+02
     1.74763083e+02   3.13012126e+02   4.08396034e+02   3.53910004e+02
     4.54641445e+02]]]