[[[   30.29962476   -58.23884441  -108.53348055   -15.78238757
     106.71958601   127.80360731   112.9645591     52.19656756
      42.90486933   -22.89556769    31.31777212   146.64034446
     157.83328445    -6.27202728   -51.6229318   -180.23984241
    -321.27689635]
  [   19.58725819   123.81578165    85.5141651    170.52922801
     -84.64118095  -104.69602805   -47.2508306     36.88071312
      15.7508127    -34.96515261    -9.58225615   -86.25771986
    -232.8100569   -269.70192792   130.54289808   201.74612682
      70.23495684]
  [  -55.6846875    -59.23977443  -566.78990465  -956.08491159
     -59.01714517  -537.20578574 -1008.16020321   174.88266458
     392.52571947   485.97811685   546.73129787   340.54266286
     141.83845478   142.84147496   372.74835583   156.95787108
     273.8382774 ]]]