[[[ -21.77838098 -101.97285093  -48.36174851  -26.3616982    43.73430555
     52.63754729  -11.12509965  -37.47264804  -15.99247256   48.79002126
      1.75183549   71.1165975   144.68312906  203.00810176 -110.10954495
   -209.95464147 -138.43803323]
  [  21.36799634  -91.90590402 -121.23278571  -67.04710107  134.64191953
     99.65835737  158.64598008   19.57321097  -41.59160737  -87.68627881
    -82.1763134    92.03011945  266.52257604  225.64679659 -139.39985718
   -194.48481095 -247.34132064]
  [ -56.92012834  -33.25727191 -497.77527765 -861.65239745  -27.84892627
   -494.39079567 -856.47116255  189.21613079  476.30944614  501.69031193
    596.63240321  466.86934434  485.12968171  161.72412276  444.58107335
    103.60470474 -129.53674086]]]