[[[  -1.71036237  -89.05888577  -38.59611514    4.3648942   108.65344823
     35.09331969   36.62941468   -5.5600137     5.88694718  -10.2496086
    -21.99127908  107.18357764  215.99748872  204.8669958  -122.1853037
   -225.4070111  -221.43749134]
  [ -23.36203196  -11.3177008    69.02664725  260.6171572   -35.40639889
     35.1836552   140.93265539   -8.37297336  -13.38832779  -74.26119562
    -37.6141519   -11.42123842  -76.27849334 -159.13147685    8.40126563
     13.0352085   -75.00140343]
  [ -29.09068241   24.7936943  -647.10388291 -880.23655174   29.15521325
   -502.17479978 -904.85643677  168.83608426  391.22590494  436.5515289
    523.01214224  376.20747282  232.87994572  402.50579953  372.3636947
    209.57659315  146.65241416]]]