[[[   5.01329594 -100.51656058 -154.08105491 -229.08711727   86.12980895
    128.66176048  346.98500882   11.18396649   19.48727617  -14.76537435
     10.36320594  166.21278441  279.41322967  171.56075281  -91.02686199
   -320.85487707 -313.24735544]
  [  23.76584536   79.77940626   29.81707747  123.84036818  -32.24767877
    -51.23137759   50.61069892   42.6396549    21.83265561  -44.06732499
    -10.28568962  -26.10719576 -101.6797006  -187.561881     90.86390284
     57.31933801  -67.50905945]
  [ -88.61157731  -75.62978925 -537.52099616 -982.83222923  -75.90536441
   -420.37551453 -969.79027856  142.46521949  370.47846208  443.55316776
    545.82059345  344.35781153  160.73306259   31.89392831  360.74879739
    444.5738188   608.3862039 ]]]