[[[  18.85085212  -57.87524428   -6.43501247 -106.50995405  115.1539803
     24.52151346  -94.70451198    5.19144562    6.46795087   62.81124251
     16.23608584  144.59924674  234.78530511  289.81996058 -103.79254725
   -218.30180656 -243.96496634]
  [   3.14034604  -89.42869517  -96.87133822  -13.05924553   95.70949296
    105.03128232  225.22163339   11.87631868  -19.7428382   -70.86443146
    -42.87965715   84.18244794  168.39790922   94.0608481   -91.41181754
   -123.92261896 -212.67310097]
  [ -49.11527631  -29.31131975 -515.21668603 -915.03919776    3.04735234
   -514.47143273 -911.47188563  183.74482448  457.09215193  498.40673566
    613.06485643  441.25856156  264.83705786  345.61668205  402.85116674
    126.10171336  -16.60854344]]]