[[[ -5.44979527e+01  -1.29957665e+02  -1.60825470e+02  -3.70895905e+02
     5.06356835e+01   1.20277390e+02   2.25660897e+02  -5.50891144e+01
    -1.15743498e+01   3.80017035e+01  -3.14839271e+01   9.08646826e+01
     2.05489083e+02   3.36598463e+02  -1.49933251e+02  -1.74855631e+02
    -8.02720153e+01]
  [  4.85632744e+01  -3.75923350e+01  -9.04215390e+01   1.83259244e+01
     1.34718794e+02   3.89014392e+01   6.64491286e+01   4.57735687e+01
    -3.25967903e-01  -6.13192019e+01  -3.67400565e+01   1.05966470e+02
     2.00714141e+02   9.84351413e+01  -8.95510345e+01  -2.09991866e+02
    -2.78705297e+02]
  [ -5.03740165e+01  -2.94679724e+01  -3.06644415e+02  -8.37338366e+02
    -2.95495392e+01  -3.96711063e+02  -9.27284965e+02   1.80283999e+02
     4.28013462e+02   4.76342589e+02   6.00767548e+02   4.07512580e+02
     2.24088435e+02   6.55877460e+01   3.77758799e+02   1.82567433e+02
     7.53323853e+00]]]