[[[ -15.28061419  -94.0231222  -167.72127233 -198.31571611   88.71429157
     41.87375353  -26.93738751  -24.9814268    21.69087573   48.88759704
     -6.07809732  130.09098582  201.75648663  304.85555649 -122.86840983
   -142.22063989  -30.81730458]
  [  16.4298944   -60.25226729  -61.92745579   42.34988468   93.11198737
     92.13459476  198.50176854   24.8987339    15.35612456  -57.26979175
    -20.16568189  102.58206314  170.03447666   56.5307577   -63.40790389
   -239.04988963 -307.04661141]
  [ -59.6307075   -29.26636916 -558.71543022 -927.74186668  -29.18578206
   -486.47040393 -888.5602973   178.92743134  436.78393557  499.84075499
    625.32084069  410.76728943  126.83463771  -50.13157391  449.30583988
    272.83459919  405.4255695 ]]]