[[[  11.20084879  -81.19814195   47.5976299  -122.32617642   94.73041361
     94.43761982   33.01970584   -8.11807743  -21.08337125   31.61818213
    -14.70582122  117.85194074  250.27401926  255.4857472  -130.99648464
   -249.95102933 -273.13605157]
  [   1.17103864  -82.99129698 -116.00439818  -26.63696989   85.33339222
     50.58712147  141.90116416   24.16460235   12.00792973  -41.39125874
     -5.12882583  101.91726773  144.53932288   51.35601945  -51.3152072
   -100.25683088 -180.08775019]
  [ -54.69467579   -3.96171877 -506.95569859 -894.29572513   -1.748998
   -510.01479105 -966.08667646  165.29314699  402.97491958  469.15493786
    580.35203986  386.76029193  257.85523194  418.18351074  379.63617052
    159.1434826    70.80368275]]]