[[[   6.63304521  -76.16052222  -83.12446098  -18.87889944   90.98681336
     32.21274161   47.15031599   26.67873162   -9.67059935  -58.14052068
    -23.16862726  129.97557341  162.28709614  136.5967874  -106.64040303
   -137.87919715 -143.68661846]
  [  13.78317132  121.34629422   77.43872414  140.48411259  -93.77996966
   -121.57901351  -73.475446     25.2277953     4.04515839  -52.51951782
    -27.31135922  -96.84250875 -212.12764465 -236.76367114  124.23115816
    246.05429492  170.56348201]
  [ -51.23233441   -7.54727436 -516.27828247 -953.01587826   -8.57517751
   -514.70306283 -954.52047495  190.82087911  449.79232509  507.7093263
    632.49588926  427.37362498  238.00176444  153.39484255  429.03217099
    267.29083824  103.41639249]]]