[[[ -31.54333669 -125.18114799  -80.33180068   72.27814977   41.97632378
    -40.40643583  179.55262742  -25.29093113  -32.220845    -93.7071448
    -74.0162243    76.53123388  197.14540729  183.42082671 -163.74179478
   -235.00632008 -275.86484927]
  [  12.99256407  101.86084134  102.55957544  209.31129259  -75.87575039
    -86.8519679    10.99124632   13.72345532   -1.66361931  -60.52934617
    -33.47560386  -74.09906812 -173.83203252 -247.22581236   94.6836984
    206.60165398  139.77564075]
  [ -32.32393969    3.27493168 -405.461586   -880.23290481   29.41428497
   -538.50718064 -924.02825645  184.67425722  405.68319541  465.31920925
    579.14725181  387.94952166  274.82261802  196.19032402  384.70415024
    229.34745309   39.45577556]]]