[[[ -32.91143939 -107.68643625 -132.98871389  -59.78564561   55.53624922
     32.89004907  -99.34008792   -9.41496435   37.8266138    29.13465759
     43.29954206  159.05594933  292.85783691  285.42679002 -128.56047932
   -322.60308348 -315.15298217]
  [ -55.86941789  -47.69536017 -404.69615624 -616.19005865  -64.04347325
   -411.20897719 -592.56487775  169.01602822  308.98018679  255.15735258
    336.39636325  294.45506974  191.58831196   69.43354469  298.39568861
    186.79534606   90.60298859]
  [-337.31571788 -414.80659479   64.08274134 -129.26329543 -422.5917604
     22.15153746 -142.03459359 -140.52794721   67.8959607   220.32262273
    235.20994197   47.10264196  -68.89373715  193.47901032   95.5156602
    181.14404945  259.50743661]]]