[[[  -33.8654592    -97.28035139  -218.49345902  -451.88466869
      79.08220469    97.68219714   172.8168765    -33.02025453
     -18.52366197    51.00608948    -4.17392981   116.18298599
     289.10488477   340.5721395   -123.5634583   -181.52175937
     -37.73340819]
  [   46.28311086   -34.90288689   -40.41747977   126.13102991
     127.46915301    87.82888948   125.24452492    33.87505433
     -11.24248144   -61.12836778   -40.85660118    91.8865367    139.9539265
       7.08767292   -94.62565595  -230.42258229  -287.57293645]
  [  -68.58306129   -66.43933873  -423.96533544  -832.73407096
     -34.60204389  -388.03114987 -1015.67774352   151.32472605
     363.59511811   426.49359426   533.60329927   349.72298594
     294.55438191   461.86656019   367.95030819   157.53253271
      83.95720606]]]