[[[  2.54752962e+01  -7.83158343e+01   7.48077166e+01   6.44282000e+01
     1.06629540e+02   3.01021301e+02   2.03872480e+02  -1.15950973e+01
    -9.84679363e+00  -4.12514464e-01  -5.86812787e+00   1.33700242e+02
     2.52662955e+02   2.28011331e+02  -1.51971421e+02  -2.88590223e+02
    -2.61219385e+02]
  [  1.22412729e+02   5.81548055e+01  -3.42476982e+02  -1.36319510e+02
     1.86670680e+02  -2.30329841e+02  -1.48113647e+02   1.40894070e+02
     9.16104024e+01  -1.39730678e+00   5.03407730e+01   1.50112384e+02
     1.01580819e+02  -7.73623958e+00   6.60747887e+01   5.96623415e+01
    -7.12075730e+01]
  [ -1.86464955e+02  -2.95489440e+02  -8.06297945e+02  -6.98126431e+02
    -2.37548253e+02  -2.40231441e+02  -4.84625967e+02   7.75593286e+01
     2.90760515e+02   4.46776401e+02   5.27200386e+02   3.16165953e+02
     1.36412703e+02   3.98378946e+02   2.58114841e+02  -4.51017350e+01
    -1.17061437e+02]]]