[[[  20.42745764  -64.59632787   -6.19668328  -56.73397201  125.47792813
     77.75130256   15.52674799   -5.4472061    -2.09927166   20.28723564
    -32.15415086  111.98167112  283.54448675  246.68511378 -154.28236122
   -280.0619497  -264.84253375]
  [ -13.11326247  -85.21235601 -106.05164129  -32.70540963   58.98586261
     51.94641657  153.79773865   23.32769793   25.44334745  -36.9277463
      4.06455783  102.51567634  132.37008455   35.63695469  -30.42503304
   -100.65726706 -174.57402047]
  [ -62.74258734  -14.32598352 -533.65444091 -946.41243253  -11.62310189
   -536.95814398 -978.29852707  168.85627053  419.94526898  492.30391305
    606.44454407  401.65990505  258.2593428   342.36737228  397.5371447
    239.15043304  121.23505182]]]