[[[ -2.20435633e+01  -9.23381266e+01  -1.60610129e+02  -2.68836656e+02
     6.28158269e+01   1.49035844e+02   6.66249971e+01  -1.75776975e+01
    -5.20083761e-01   7.28556702e+01   4.88537935e+01   1.41999353e+02
     2.27398981e+02   4.15752357e+02  -1.15959952e+02  -1.96715747e+02
    -2.10875461e+02]
  [  4.28785706e+01  -3.85328250e+01  -6.13737138e+01   7.26915359e+01
     1.24290090e+02   7.56871688e+01   1.66715720e+02   2.98942729e+01
    -3.14058941e+01  -9.67161885e+01  -7.67757486e+01   7.00344833e+01
     1.68613238e+02   7.95861522e+01  -9.87780840e+01  -1.42656589e+02
    -2.57777013e+02]
  [ -2.19526994e+01  -2.94422385e+01  -5.48142907e+02  -9.43987887e+02
    -2.70969117e+01  -4.04024724e+02  -8.68881065e+02   2.07756062e+02
     3.90154151e+02   4.92347589e+02   6.00137409e+02   3.70647710e+02
     1.70688452e+02   1.05920608e+02   3.94274577e+02   1.10562634e+02
    -1.14894749e+02]]]