[[[  -24.05822544  -130.19389669  -118.36838863  -149.88199861
      89.53989968    41.20153117    68.5393644    -18.49629281
       5.40378928    24.84446098    11.95897951   133.78504769
     272.05009638   323.01612083  -165.44421678  -293.27465384
    -238.21367295]
  [   13.07961615   -25.80094422   -80.28716724    -2.5767941     51.9601219
      18.46376495   146.28098148    38.79534752    16.12010935
     -60.8066309    -18.13003595    73.49108326    98.78399155
     -22.12627473   -15.43224457   -78.76683915  -178.90990848]
  [  -66.1934786    -87.47273689  -385.06842843  -929.03752342
     -93.17165483  -704.14033965 -1081.35727293   181.76746661
     411.60907474   515.42053144   582.11489541   388.70974388
     216.10473819   173.96108591   390.56382563   180.82486863
     124.20180973]]]