[[[ -4.44196742e+00  -9.67552724e+01  -9.75768587e+01  -2.87442347e+02
     1.00154007e+02   1.86909890e+02   2.69056836e+02  -1.49021658e+01
    -1.15284304e+01   5.05747459e-01  -1.36397245e+01   1.35036472e+02
     2.90827199e+02   1.98919416e+02  -1.30305770e+02  -3.23320025e+02
    -2.20335391e+02]
  [  3.48843131e+01   1.09054101e+01  -5.54405910e+01   3.14548701e+01
     5.88631330e+01  -2.93493773e+01   3.88818606e+01   5.89966433e+01
     5.38964988e+01  -2.82593517e+01   1.44215734e+01   8.30234678e+01
     7.65478039e+01  -4.47966066e+01   3.71542009e+01  -1.27079435e+02
    -2.16445676e+02]
  [ -8.80786208e+01  -8.55309026e+01  -4.43502903e+02  -9.86751702e+02
    -6.00254008e+01  -4.37818154e+02  -9.60306164e+02   1.36258716e+02
     3.71431932e+02   4.27593560e+02   4.86437897e+02   3.48734599e+02
     2.13101975e+02   6.63640590e+01   3.58243604e+02   3.79773673e+02
     5.63269582e+02]]]