[[[  7.99084365e+01  -1.51806562e+01  -8.80017025e+01  -2.00036897e+02
     1.70308641e+02   1.92233829e+02   1.98032461e+02   9.15664184e+01
     4.81651198e+01  -2.08630412e+01  -2.47788986e+00   1.59875909e+02
     1.72251281e+02   4.23184877e+01  -2.04843361e+01  -1.36144835e+02
    -3.22826952e+02]
  [  2.55203353e+01   1.29615455e+02   4.88137507e+01   7.17281384e+01
    -7.85749471e+01  -1.30551976e+02  -6.58123090e+01   4.42361155e+01
     3.11838662e+01  -2.72238790e+01   1.00593150e+00  -8.04217707e+01
    -2.75081228e+02  -3.25397929e+02   1.50337015e+02   2.39794133e+02
     1.19067736e+02]
  [ -7.93456688e+01  -1.07538230e+02  -5.83385231e+02  -1.05242346e+03
    -1.04595829e+02  -4.04144977e+02  -9.10154685e+02   1.65783155e+02
     3.93980701e+02   4.87791261e+02   5.53995163e+02   3.75957579e+02
     1.89802678e+02   3.16458867e+02   3.68243834e+02   9.84021950e+01
     8.69823710e+01]]]