[[[  8.12231274e-01  -1.10673878e+02  -5.85083969e+01  -4.55227946e+01
     1.00910787e+02   8.77457356e+01   8.79303539e+01   4.22036144e+00
     1.06630701e+01  -1.18843340e+01  -2.74400936e+01   1.37158578e+02
     2.64252346e+02   1.98122284e+02  -1.49895449e+02  -2.75978192e+02
    -2.18764350e+02]
  [  9.66342353e+00   2.23810942e+01  -2.05021530e+01   1.04324533e+02
    -3.05423086e+00  -5.37750312e+01   6.14747295e+01   4.80932326e+01
     4.58444643e+01  -3.15470915e+01   2.44853987e+01   4.00004371e+01
    -5.77699930e+01  -1.73486064e+02   6.78595582e+01   2.42341432e+01
    -1.07797088e+02]
  [ -9.19917412e+01  -5.85218253e+01  -5.21606125e+02  -9.42905834e+02
    -5.86957296e+01  -5.57441577e+02  -9.81047795e+02   1.52049648e+02
     4.26405254e+02   4.96326817e+02   6.21083093e+02   4.07170778e+02
     2.21265428e+02   3.97657189e+02   4.02927202e+02   1.72308237e+02
     2.53211615e+02]]]