[[[   8.2209264   -73.7904481   -80.72656332  -18.61304182   89.69227967
     31.43156473   46.51118487   26.76880654  -10.5367159   -60.56569323
    -24.37286111  126.28203723  159.85396513  134.5694591  -105.21934913
   -133.98889269 -141.09261863]
  [  14.75273472  121.64483867   78.7134446   141.56828132  -92.13935233
   -120.30498265  -73.19956834   24.43774176    2.90872347  -50.94358458
    -26.66312991  -97.36811946 -203.49303415 -228.14986045  121.42855591
    235.38664385  160.45981137]
  [ -37.98698042   27.61452083 -502.99307458 -932.36125229   -1.47173456
   -501.79663477 -933.97414353  195.12437576  445.33329766  499.80818618
    624.2489095   423.22936939  232.15398952  104.95155542  424.19835645
    232.15857895  101.08254378]]]