[[[ -44.93699662 -121.99119744 -201.14410021 -344.83532572   53.28053852
     83.27132336  278.95552416  -59.09604892  -47.61444453   26.21423528
     -1.84483226   52.74076804  217.02235104  355.57485332 -151.85663714
   -166.53645537   -5.02236575]
  [  38.09416132  -50.85410613  -59.27673996   41.64657931  127.04250126
     64.67627036   72.50448181   39.17793201   13.23874199  -39.4027098
    -15.68206173  119.90337282  193.30331726   64.8596083   -81.65708198
   -249.3720981  -303.55984813]
  [ -64.11632433  -40.24802423 -493.25335229 -915.21756342  -34.16589992
   -384.93766158 -952.71583225  158.21925541  395.93999886  446.53424958
    542.19198742  377.96597907  215.79090723  288.69586775  374.88929575
    203.16844933  209.88126761]]]