[[[ -1.35374030e+00  -6.29422711e+01  -1.31567665e+02  -2.34318933e+02
     8.52564220e+01   1.39470500e+02   2.61395443e+02  -3.46364304e+01
    -3.24113385e+01   1.66783162e+01   7.91112507e+00   7.18201577e+01
     1.89046580e+02   2.34941717e+02  -1.42458247e+02  -2.08690718e+02
    -1.77452772e+02]
  [  1.32758353e+01  -6.59881072e+01  -7.74302143e+01   2.08198563e+01
     9.25397028e+01   2.41939871e+01   3.35647955e+01   3.54903546e+01
     3.03119400e+01  -3.55843684e+01  -1.01143505e+00   1.22916255e+02
     2.13677586e+02   1.13779288e+02  -4.59085327e+01  -2.05307323e+02
    -2.75291128e+02]
  [ -8.53309603e+01  -6.99908634e+01  -5.23549773e+02  -9.53826272e+02
    -6.39463991e+01  -3.89875031e+02  -1.01815722e+03   1.49494974e+02
     4.05956180e+02   4.62598654e+02   5.54220287e+02   3.86859575e+02
     2.48066069e+02   1.72198580e+02   3.86409014e+02   2.33987333e+02
     4.25074927e+02]]]