[[[  30.81249532  -57.37313232  -70.08048862  -46.84378705  105.15058634
     46.67847385   92.38259666   44.04391434    6.02235788  -34.98112793
     23.20951092  135.28354291  238.48206464  169.28689935  -88.07299593
   -146.35666475 -208.48570049]
  [  24.10636741  117.13029045   50.63124913  108.95832163  -68.9175631
   -126.41334611  -64.38636645   29.76396236  -17.33711314  -78.89811621
    -56.67433245  -96.01723551 -121.20680205 -198.66139661   88.97684755
    202.00308976  129.01104538]
  [ -17.47103953   25.66958088 -411.83125349 -825.21449059   22.71529903
   -414.48716026 -825.00954585  206.71893085  454.36197278  502.07388256
    618.86637931  455.90085401   87.8953911  -128.76950761  434.91377156
    219.92132175  -27.75481667]]]