[[[ -1.11646617e+01  -7.83685151e+01  -1.10557726e+02  -5.63451638e+01
     5.44886385e+01   1.89376655e+02   3.53996281e+02  -1.78674585e+01
    -4.40756376e+01  -7.02075762e+01  -6.03264125e+01   9.22032525e+01
     1.99971796e+02   9.40165731e+01  -1.44337631e+02  -2.88577060e+02
    -2.01466500e+02]
  [  7.65647776e+04   7.66366049e+04   7.66986737e+04   7.68591418e+04
     7.64929504e+04   7.65956036e+04   7.67426542e+04   7.65501528e+04
     7.65075990e+04   7.64596667e+04   7.64702390e+04   7.64491521e+04
     7.63693352e+04   7.63515577e+04   7.65998246e+04   7.66445339e+04
     7.65567393e+04]
  [ -5.80999958e+01  -5.28278508e+01  -6.17270536e+02  -9.37486758e+02
    -2.69669310e+01  -5.96307186e+02  -9.73400740e+02   1.59531986e+02
     3.76124873e+02   4.18411318e+02   5.10662399e+02   3.20353370e+02
     2.15159302e+02   9.17576106e+01   3.69882318e+02   4.93739949e+02
     6.22720061e+02]]]