[[[   16.53101644   -57.90303098  -116.06269853  -156.57399165
      71.71730205    95.63512587   172.91443243    53.00125099
      55.97845887   -17.71846175    43.66562014   158.79476009
     172.26089601     4.39773813   -38.60797815  -174.95085007
    -231.26578422]
  [    7.03139128   112.72141848    51.86884504    70.34828612
     -98.65869632  -129.89884183   -30.70821129    37.36809284
      27.62682594    -7.89981166    14.51143751   -81.61365807
    -205.61019843  -218.57964045   146.31617658   211.25356165
      75.82741796]
  [  -79.51361153   -44.21295951  -572.53810813 -1094.12056149
     -45.31042181  -442.69550382  -748.1670814    156.24148458
     427.9196967    484.94612945   588.3450429    403.4720448
     163.67767108    43.64502827   409.40396078   239.65472126
     450.66215567]]]