[[[  -14.0555644   -104.86462514  -204.05221415  -344.72251469
      93.8407697    135.46375457   203.69296898     8.47236127
     -12.44525818   -37.84698612    13.76328518   106.76325194
     261.46040635   155.09671288   -91.20944261  -212.78709468
    -270.46085182]
  [   18.03766924    90.02422251    10.20381866    46.75282992
     -53.94911182   -75.84078114    53.65047961    36.83331199
       5.18231672   -63.50998906   -46.36128044   -61.48306109
    -141.2100718   -210.60890839   100.66762087   227.21329231
     154.61420058]
  [  -54.14062672   -16.90603289  -593.32133433 -1027.22819737
     -19.90176906  -435.95471487  -735.71804573   181.87434268
     458.18195281   485.29572436   588.10999173   402.01718284
     199.32343202    56.87238532   443.8592238    396.28798299
     112.13431363]]]