[[[    6.99406954   -78.59990303  -160.05737859  -235.89778262
     114.44774585   158.19878648   291.62699988     1.03982987
       5.72962256   -15.91923239   -35.12406623   151.83741399
     269.6573873    162.37872479  -110.45702801  -318.0394844
    -215.70103797]
  [   32.95493632    56.87800397    42.18115942   162.27017884
       9.03187745     5.70964694   112.26384601    40.12727711
      17.94867184   -58.29024465   -25.42120155     1.94402502
     -60.31669752  -148.61200996    49.52429011   -67.10923338
    -170.83696299]
  [  -75.06215565   -71.20433242  -540.23372473 -1001.6102416
     -42.94303139  -480.48203377  -998.31754036   149.37802988
     361.9476441    428.15443913   502.81724128   339.85001814
     234.27829858    84.86330825   377.60288881   440.68338825
     595.70093515]]]