[[[ -34.64340173 -130.7856354  -205.55484132 -312.51770477   59.69600513
    160.05882468  235.08841361  -36.76706461  -10.05250152   49.10273244
      4.94828169   98.18670099  221.06355567  362.01531153 -123.5848263
   -194.51259383 -164.04899016]
  [  40.83618103  -36.13510777  -60.25324995   71.22347792  117.80753412
     41.93116924  101.25545791   39.77867895   -8.67487914  -73.51026707
    -50.26211517   90.67224148  165.5953322    59.73053962  -83.01552549
   -165.36934423 -257.50210728]
  [ -40.18821425   -3.93516417 -479.47682087 -865.00870936   -2.03246636
   -475.40084317 -912.05790004  192.53248204  444.11673594  487.77300315
    618.99968861  424.63312568  201.22095817  229.64242962  420.68053402
    177.34493157  -29.75288041]]]