[[[ -26.09038975 -117.90074001  -29.50650617  140.80085574   68.59908705
    132.22843257  163.16118107  -69.08731907  -58.58406356  -13.55249426
    -83.73614305   52.32200282  168.86656611  268.90713447 -205.41390133
   -241.73785511 -258.00605054]
  [  29.95690341  -68.92608223 -186.32680379 -184.24733488  128.83993537
      6.33373464    6.30776918   63.63648849   36.39984694  -31.76063075
      1.27667168  145.1035865   242.10522134  174.86774507  -54.39302865
   -130.80427822 -213.8000609 ]
  [ -65.62635159  -40.91575041 -378.73477592 -854.0843916    -8.15265838
   -379.35883817 -850.19573368  176.84464832  451.45802821  511.8107073
    638.87503098  431.78871125  231.73074464   21.76950796  423.22309453
    143.75337268  -75.48144172]]]