[[[  23.09575692  -56.71280382  -64.37643425   -3.07196303  102.09640271
     45.56251824   60.52495307   36.54319049    2.50824511  -51.39619067
    -11.91420517  134.97050358  165.0353515   101.83176642  -90.52295633
   -157.4171795  -126.68243218]
  [  17.13214001  122.84030805   85.04751204  147.32979471  -88.57599951
   -116.42116311  -73.08434817   22.90497701   -6.08290647  -57.12347261
    -36.71121655 -105.31672952 -203.76344953 -215.2601683   111.28910926
    219.10528651  137.7874071 ]
  [ -26.01635099   32.29776622 -487.90375058 -906.99234951   30.75782855
   -486.98637063 -909.29777537  198.49363967  436.15083666  487.84904896
    609.6634094   412.90263544  221.05560444   21.46598157  416.73779614
    262.04966057  102.19517172]]]