[[[  46.39220041   -9.11713347  -17.91638096   95.82109773   92.9704028
    129.94238454  206.97386187   38.6071234   -13.64078403  -90.96187129
    -66.16887642   73.19439966   -1.32055992 -119.49121277  -58.5991924
   -125.03393785 -187.61406876]
  [  17.8785557   141.06471887  129.20283912  180.88773066 -105.30751915
   -105.29569847  -61.92414791   12.94776057  -15.30342589  -42.28201923
    -32.99167608 -137.78635835 -269.32217473 -234.0272685   119.87507267
    248.17041937  155.81278536]
  [ -44.68126419   -9.09362705 -514.27233    -913.61987055   -9.33693992
   -520.79478636 -980.97606585  189.02671361  435.02785763  482.14758163
    584.66732958  411.77737547  190.69980942  149.63539145  450.08646543
    242.35056803  238.16528113]]]