[[[   -6.58657722  -102.04649623  -216.716898    -279.58414035
      93.05473133   132.05939786   211.62944654   -13.80052258
     -23.66785816    15.82512454   -17.87542674   121.76818452
     300.23855876   462.52277873  -138.82892794  -259.95516329
    -282.59818701]
  [   14.82593263   -21.50935353    -6.95380775   137.17046058
      51.16121093    44.129114     126.43602811    25.52031688
       2.06382877   -72.16553348   -43.0730499     61.20515462
      95.56832999   -13.85245415   -29.50142175  -128.06953152
    -243.6591989 ]
  [  -65.37414349   -53.34259536  -519.13968246  -939.00164021
     -23.94676954  -522.26105921 -1045.64333169   169.13172134
     411.28536974   465.53406135   556.76957913   395.75967263
     334.16156351   308.12320178   390.7108256    258.95575934
     224.31748352]]]