[[[  24.20036054  -66.07170159   22.86325827  -15.59941956  113.46776509
    -18.78531749   -5.78858921   -7.90114126  -44.08461853   -2.9335285
    -47.96869837   97.64302959  254.47629163  311.03980998 -155.27245998
   -192.30382657 -253.61552326]
  [ -11.51993657  -76.18083374  -85.62986074  -37.97816941   53.14083682
     68.53529294  165.53055785   18.86998552   26.67720879  -37.60466577
      6.68611741   94.38330352  154.47781326   79.8343245   -25.56944341
   -146.52230589 -243.288747  ]
  [ -56.81542578  -24.67432558 -524.54844019 -917.37490741    6.95005466
   -527.29423079 -950.49815634  162.20075666  416.3930476   477.66886657
    567.4319684   398.43481019  249.55162574   95.99797966  395.78787191
    200.96458799  384.22940927]]]