[[[  5.57819581e+01  -7.85850608e+01   4.82270891e+00   7.67302827e+01
     1.98164115e+02   2.29229416e+02   1.52538944e+02   1.46032530e+01
    -7.40997251e-02  -1.89884834e+01  -5.87823363e+01   1.70883309e+02
     2.37958918e+02   2.71491457e+02  -1.66012096e+02  -2.65447006e+02
    -3.14419909e+02]
  [  7.36989793e+01   4.39734811e+01  -4.34544171e+02  -3.53388080e+02
     1.03424474e+02  -3.89382364e+02  -3.98588903e+02   1.83344822e+02
     2.03934413e+02   1.06308954e+02   1.86050523e+02   2.15260209e+02
     9.32112756e+01  -2.42560425e+01   1.98852787e+02   1.85593885e+02
     2.25140241e+01]
  [ -2.55373598e+02  -3.73572516e+02  -6.45016045e+02  -6.19969543e+02
    -3.07809915e+02  -1.71840701e+02  -4.39786519e+02   2.74244935e+01
     3.13688738e+02   4.63755921e+02   5.47230415e+02   2.98425131e+02
     8.73325737e+01   3.96806721e+02   2.34038362e+02  -1.99273663e+01
    -1.40690236e+02]]]