[[[ -3.49110435e+01  -1.16925660e+02  -1.25396698e+02  -1.00961061e+02
     5.98027162e+01   1.24481695e+02   1.66422709e+01  -2.58784556e+01
     2.00316703e+00   9.51878656e-01   1.88856474e+00   1.01624110e+02
     2.29500294e+02   1.29984118e+02  -1.02147228e+02  -2.74977186e+02
    -1.71876861e+02]
  [  1.31077867e+02   1.31814377e+02  -1.99608852e+02  -1.84254449e+02
     1.30341333e+02  -2.27336661e+02  -1.84512393e+02   1.46735406e+02
     1.00741372e+02   2.83785269e+01   6.19139244e+01   1.11068481e+02
     5.77417355e+01  -5.29568273e+01   1.03452117e+02  -5.22397594e+01
    -1.11341359e+02]
  [ -1.03932567e+02  -1.29909240e+02  -1.67604884e+02  -6.64607555e+02
    -1.37882918e+02  -2.53496536e+02  -9.64263773e+02   9.21738851e+01
     2.13811996e+02   3.17310351e+02   3.25814683e+02   1.89102269e+02
     8.49902534e+01  -3.64071388e+01   2.25878163e+02   2.63710560e+02
     4.25185317e+02]]]