[[[ -28.40716282 -105.54878468 -191.76581513 -311.98833922   43.84141365
    175.97703098  370.53376671  -17.1711502   -20.51767198  -49.54151889
      3.62401148   89.1186617   231.79131468  134.06249688 -123.65299048
   -295.47509443 -332.90625438]
  [  23.48951803   89.48707844   72.32825172  168.41037028  -42.50813385
      9.3733118   160.66298149   14.4970116   -35.78082197 -100.82913582
    -90.98209778  -90.93471869 -165.42057719 -239.90336415   54.64074457
    176.51891902  110.00216923]
  [ -42.61335503   -9.62510133 -520.41453641 -884.43520096  -15.22595468
   -505.06275298 -872.34041139  181.64349439  424.24371101  456.70911496
    564.97847288  363.5765021   178.03296973   43.20041889  444.37907401
    478.8190747   194.43876847]]]