[[[   -9.0419139   -116.06401483   124.72469705   254.20639404
      50.45736631   100.78799227   208.25327668    -8.36165505
     -16.97872633   -64.02610806   -26.19765676    91.37322553
     242.27670272    98.9887641   -117.43846468  -289.79884688
    -396.3374326 ]
  [  -15.83200436    69.50932322   164.80001927   307.63472619
    -101.17343728   -57.08564149     9.25450751    -6.5895728
     -13.09826332   -56.7953422    -35.81508506   -89.53936925
    -242.78652907  -318.22446935    83.51480881   175.70440527
      83.42886231]
  [  -66.70797508  -107.91146073  -655.11373587 -1096.71883391
    -106.44999947  -467.26684177  -952.29755934   156.10723498
     343.03227506   447.47259068   464.58107514   326.31032299
     233.29111075   273.30466984   327.15097821   303.27391898
     325.42856343]]]