[[[  34.65520546  -78.29818226  -79.16996332  194.87836606   92.8837241
     71.92338334  216.39928559   23.08645865  -27.74439408  -76.85188508
    -43.09785144  113.27264068  221.90898638   88.66609422 -128.42292533
   -292.63204444 -261.90102531]
  [  40.29458338  134.99041547  109.8232308   228.47156025  -54.40114274
   -117.05076198  -13.40625292   35.35039482   -5.08462903  -60.99181492
    -34.29243103  -87.83749607 -205.68155733 -243.53406413   99.70250423
    143.97148645    8.24025595]
  [ -78.8510988   -63.36625706 -384.783511   -895.97876905  -60.6128258
   -384.41123431 -940.42633654  155.00823975  404.92789221  446.6888226
    545.30002468  358.00665501  235.25518316   93.94606014  384.77513562
    220.95664691  338.47817119]]]