[[[ -10.85037266  -88.30144279 -206.43117813 -362.68727528  104.75633827
    160.58549861  194.30097368  -17.93401764   -9.96174947   44.71291286
      3.65496636  102.60570599  273.31796492  365.14145215 -124.37631165
   -198.29268222 -214.31226045]
  [  38.5308781   -30.20027652  -43.88204464  113.62507672  107.26215336
     52.30337866  122.5387143    33.98744248  -20.59427445  -87.16265784
    -63.05336519   70.3845907   125.97548507   18.71779914  -81.94192306
   -125.61678026 -227.50007215]
  [ -48.01850665  -25.80158509 -504.38531839 -892.6901754   -20.718467
   -392.13390193 -889.1306633   186.54696367  426.79866923  483.89215898
    635.71856774  439.88065721  269.02143015  335.8624738   366.18493696
    148.11390367 -140.80704371]]]