[[[  16.13077807  -75.69247318  -73.03823674   -5.75171416  123.06950006
     60.74246054   69.49034793   18.17829193  -38.69574299  -50.26901612
    -49.13064051  118.69095564  278.52298748  216.52319318 -153.54992041
   -237.53318294 -233.64753391]
  [  33.73517787   97.15586634   34.28344303  144.43592481  -29.6854496
   -104.26712298  -21.88861299   47.56585186   17.77390137  -57.14896961
    -14.58549448  -28.16982037 -101.36276669 -196.33453428   91.42502608
    110.65614105  -20.20778368]
  [ -71.87958367  -34.23824572 -479.02964116 -919.91965776  -34.53983851
   -510.19554521 -958.23675574  167.86161128  430.41866639  486.12484446
    616.84089222  411.81837616  190.15224209  259.06859805  406.2315546
    138.93755119  254.41459865]]]