[[[ -29.8800476  -119.87305439 -194.74818396 -334.99034609   72.09162934
    176.09330498  294.45007006  -35.68337488    1.21556272   46.927314
     14.99671773  109.07199964  188.08531629  367.64403479 -146.39087936
   -225.73711298 -201.90905876]
  [  35.56607894  -36.78189621  -69.56980102   53.51111323  107.91404109
     15.40466505   50.13240639   38.34632559   -4.48966031  -74.80657132
    -52.43754312   92.02264827  207.75870814  121.53359978  -74.45085239
   -156.42833891 -258.14714625]
  [ -38.22297756   -8.74294446 -435.72654888 -853.86444426   -7.09939158
   -430.00602694 -903.50831623  194.14383561  434.35845166  486.55528986
    606.62327587  413.40747028  219.30661579   47.60806342  439.98307361
    215.51434158   10.19494957]]]