[[[   28.05004124   -73.22086784  -132.5143835   -257.17466878
     140.37729915   174.48046075   237.76916333    31.98965962
       7.7717079    -41.14485963    -3.65553438   135.12995683
     220.65405838   293.1777028   -114.32354875  -235.56521195
    -392.90613394]
  [   43.06163007   100.85059036   -15.06893022   -15.85337191
     -14.72741231  -107.44817726    35.71538149    54.41500215
       7.93028551   -67.58819175   -37.3534966    -47.48336637
     -92.93533595  -210.90642237    91.5661063    181.73057542
      90.09264472]
  [  -56.28534065   -33.31503945  -461.24331895 -1036.20278636
     -34.73659638  -361.41184752  -673.28054113   187.81045181
     451.89317864   504.08314454   648.85020098   428.63760694
     171.22928709   -68.14062798   430.26766576   219.59658454
      68.59809435]]]