[[[  -53.7904805   -175.49620576  -144.07578533   -63.34069822
       6.84330049    97.25762223   300.85876172   -46.6898857
     -62.95224231  -104.53649267   -76.09808762    85.04327459
     205.23752907    99.0954009   -171.13971616  -308.64963683
    -369.09210408]
  [   18.60626361   103.54897988   122.63838878   252.12659777
     -66.3363353    -20.88046049    94.17476249    17.8794615
     -19.98885515   -74.96774037   -55.85928517   -91.43902387
    -172.52041959  -239.7315236     84.33026536   182.72987473
      90.31011157]
  [  -56.58598829  -107.20458851  -519.72759551  -975.17069235
    -109.72518583  -551.3869357  -1101.74263049   179.90347114
     354.1197539    477.98758535   507.91927506   328.86610273
     171.27895716    -5.5587135    376.59392363   349.93475215
     350.20170762]]]