[[[  3.01547878e+01   4.45861865e+01   6.87108464e+01   2.58061642e+02
    -2.74158313e-01  -1.81512872e+02  -1.34754720e+02   3.05987156e+01
     6.22139909e+00  -8.03408255e+01  -6.05883906e+01  -4.42144196e+01
    -8.26886783e+01  -1.51215964e+02   6.58647735e+01   1.55687133e+02
     7.61971928e+01]
  [ -2.63766348e+01   7.78378815e+01   9.48973373e+01  -1.77235485e+00
    -1.30591138e+02  -7.82180201e+01  -1.10526687e+02  -1.42546391e+01
     4.01383820e+01   7.31158777e+01   7.38646107e+01  -7.74370284e+01
    -2.18329401e+02  -1.87008727e+02   1.30730386e+02   1.49109003e+02
     2.04994328e+02]
  [  2.68141848e+01   9.79422525e+01  -4.11705220e+02  -6.73923660e+02
     1.02514876e+02  -3.01413791e+02  -6.70034958e+02   2.09064230e+02
     4.39409718e+02   4.30626013e+02   5.23464304e+02   3.97883063e+02
     2.30393153e+02  -8.19185230e+01   4.39577093e+02   3.05577871e+01
    -2.47746439e+02]]]