[[[ -8.03958382e+00  -1.23170253e+02  -1.66722102e+02  -6.20869046e+01
     1.16864776e+02   6.82028265e+01  -5.71346623e+01   1.14575146e+01
     2.41724023e+01   7.82600801e+00   2.76882455e+01   1.69650756e+02
     2.67615475e+02   2.53758168e+02  -1.65514077e+02  -2.58537453e+02
    -3.12528040e+02]
  [  1.82495061e+01   2.67362671e+01  -3.93729002e+02  -5.81051341e+02
     9.76273578e+00  -4.05101122e+02  -5.73793886e+02   1.91749364e+02
     2.62424501e+02   1.82432206e+02   2.59739967e+02   2.41540854e+02
     1.22260054e+02   1.21927515e+01   2.66868343e+02   2.59144001e+02
     1.13514858e+02]
  [ -2.75326535e+02  -3.47768214e+02   8.04638402e+00  -2.28287616e+02
    -3.43557851e+02   2.96512362e+01  -2.15830189e+02  -5.92937706e+01
     2.01361034e+02   3.07330186e+02   3.53241552e+02   1.86465031e+02
     2.76340306e+01   2.21460558e+02   1.42215426e+02  -5.50900650e+01
    -2.15879029e+02]]

 [[ -1.40080949e+01  -5.31274288e+00  -5.14192015e+02  -5.37986343e+02
    -2.95055611e+00  -4.10329945e+02  -5.77493976e+02   1.95650844e+01
    -7.16140523e-02  -1.18841040e+01  -1.64279525e+00  -1.10234349e+00
     8.90671831e+00   3.36797449e+01  -2.54850557e+00   8.07565087e+01
     8.09103771e+01]
  [  4.58970290e+01   5.05937399e+01  -3.86100789e+01  -1.64099980e+02
     4.12005327e+01  -6.12281650e+01  -1.37146273e+01   5.27701468e+01
     6.25839876e+01   5.30535676e+01   6.28909586e+01   5.55800110e+01
     1.03818455e+02   9.46165949e+01   6.01637502e+01  -3.35268028e+00
     1.87979689e+01]
  [ -5.77800895e+01  -2.46768956e+01   5.99029243e+02   7.21719671e+02
    -2.43221790e+01   4.04876374e+02   5.01660390e+02  -8.76007918e+01
    -4.01874160e+01  -1.10950686e+02  -4.20263127e+01  -3.81105370e+01
    -6.12214523e+01  -3.39123589e+02  -4.60696206e+01  -2.53593521e+02
    -4.95023667e+02]]]