[[[  1.66868733e+01  -7.81243671e+01  -1.07239269e+02  -1.99802023e+02
     1.18577275e+02   2.04348274e+02   2.41365036e+02  -1.77186068e+00
    -6.58902856e-01   2.61270990e+01   1.16994973e+00   1.44792591e+02
     2.23162099e+02   2.63717564e+02  -1.17700329e+02  -2.27111644e+02
    -2.02778690e+02]
  [  2.36579358e+01  -2.52138363e+01  -7.04322533e+01   5.35609654e+01
     7.25295736e+01  -1.19741501e+01   7.87172474e+01   4.93198090e+01
     3.05614148e+01  -5.15558049e+01  -1.09662981e+01   9.22660912e+01
     1.54177929e+02   3.80629327e+01  -9.05583215e+00  -1.20109954e+02
    -2.28988716e+02]
  [ -6.55792646e+01  -2.77783022e+01  -4.84250882e+02  -8.98232757e+02
    -2.69733966e+01  -5.19243453e+02  -9.45569220e+02   1.72031689e+02
     4.45585463e+02   4.92578085e+02   6.23690385e+02   4.23948646e+02
     1.98896955e+02   3.87111245e+01   3.97170603e+02   1.92041376e+02
     3.70619824e+02]]]