[[[   7.55525222 -110.13481258  -94.71499754  -86.46498229  144.51776275
    209.96967538  319.31697968  -28.41019223  -64.35173877  -39.67929453
    -25.07760897  131.20984159  338.95171276  282.9428568  -219.687424
   -485.91592375 -427.02632331]
  [  -7.01456364  -34.09719567 -144.80390594  -49.95611199   20.0679985
   -120.57741395  -45.09581165   65.25698936   96.44895527    1.44125277
     56.68183115  127.52496623  147.97735618   24.3963085    84.80613117
    -53.35909011 -187.96699927]
  [-131.84439178 -188.71629828 -632.8455745  -997.8601878  -145.19580506
   -578.78966405 -989.58693245  135.98496439  382.31421067  516.8043249
    576.58037736  358.36397871  164.92179292    5.35869374  364.26827804
    343.28708792  527.06545903]]]