[[[   8.28293791  -73.55484482  -80.70857486  -18.47680066   89.4454181
     31.34604306   46.27136792   26.83985854  -10.4787988   -60.480942
    -24.22286123  125.81424799  159.15866755  133.77924929 -104.9001831
   -133.10966399 -140.36326643]
  [  16.30186869  123.10923656   79.61334168  143.38884277  -90.50548947
   -119.2033669   -70.1639312    24.80600187    0.93829763  -53.77404462
    -29.89689604  -98.65771795 -201.64076516 -227.49906625  119.57578259
    233.91840206  158.65166669]
  [ -38.21686619   25.456915   -502.73845596 -930.08692355   -3.76305115
   -501.84040618 -931.83274945  195.7750637   442.22351242  501.36731023
    620.61933686  419.64331102  227.55140382  100.82916345  448.76740117
    229.34049141   97.42789124]]]