[[[  5.09279863e+01  -2.90832766e+01  -3.05169982e+02  -2.18308322e+02
     1.84642130e+02  -1.04792782e+02  -2.28336123e+02   9.21587227e+01
     6.15327165e+01   2.16445519e-01   8.66649339e+00   1.90081690e+02
     1.41557513e+02  -1.48442459e+01  -2.35989357e+01  -2.25256308e+02
    -2.93697777e+02]
  [  9.91369250e+01   1.85797477e+02  -1.17020051e+02  -2.53188196e+02
     1.24764644e+01  -2.89278037e+02  -2.57801472e+02   1.69918519e+02
     1.54834408e+02   9.13125078e+01   1.45863345e+02   5.82560017e+01
    -1.14689690e+02  -1.72714443e+02   2.44225654e+02   2.15346080e+02
     4.73505644e+01]
  [ -2.87958057e+02  -3.76701041e+02  -2.11960998e+01  -2.60888220e+02
    -3.70899869e+02  -7.86384124e+00  -2.61429550e+02  -4.96435105e+01
     1.74679650e+02   3.07956298e+02   3.99370089e+02   1.56747250e+02
    -6.06917538e+01   7.97897554e+01   1.52753251e+02  -6.15786307e+01
     1.34383448e+02]]]