[[[ -3.95814618e+01  -9.87407450e+01  -1.65969024e+02  -2.39290006e+02
     3.19417522e+01   4.15468165e+01   6.42006071e+01  -4.91531695e+01
    -2.69932747e+01   4.21453547e+01  -1.44255749e+01   6.90758988e+01
     1.90091930e+02   2.90662745e+02  -1.20890787e+02  -9.21386266e+01
     7.09282877e+01]
  [  2.68328810e+01  -7.60816106e+01  -7.39713529e+01  -2.11919854e+00
     1.29747383e+02   1.06233250e+02   1.64083012e+02   2.73163550e+01
     1.78941448e-01  -4.81567424e+01  -2.71757095e+01   1.15302219e+02
     1.96691558e+02   7.70293228e+01  -1.04592076e+02  -2.55747769e+02
    -2.72036205e+02]
  [ -4.83493937e+01  -1.06616531e+01  -5.15566013e+02  -9.46418331e+02
    -8.19023565e+00  -4.79317055e+02  -9.47858594e+02   1.81315920e+02
     4.35412355e+02   4.82321343e+02   5.86315962e+02   4.16098186e+02
     2.32980425e+02   1.95477743e+02   4.12385354e+02   1.94293592e+02
     1.93758904e+02]]]