[[[ -2.01509450e+01  -9.95613517e+01  -8.42337196e+00   5.57618434e+01
     6.40186780e+01   2.32169362e+01   7.48398735e+01  -5.70672105e+00
     1.32157104e+01  -3.07465719e+01   4.98321298e+00   1.15549206e+02
     2.58810497e+02   1.65591819e+02  -1.19576182e+02  -2.96102619e+02
    -2.52324253e+02]
  [ -7.61104710e+00   6.70081190e+01   1.18705502e+02   2.48127783e+02
    -8.22300809e+01  -4.25048249e+01   1.44183686e+01   5.40926612e+00
    -1.05878371e+01  -5.87198235e+01  -3.25904968e+01  -6.59557405e+01
    -1.31189438e+02  -1.72914642e+02   7.23187520e+01   9.35351206e+01
    -2.68501382e-01]
  [ -6.04576361e+01  -2.00768519e+01  -5.56040098e+02  -9.66771195e+02
    -2.43042709e+01  -5.59030957e+02  -1.00414364e+03   1.54058742e+02
     3.66464617e+02   4.35493983e+02   5.05954331e+02   3.43196096e+02
     2.09628855e+02   9.38356689e+01   3.89240685e+02   4.15561483e+02
     5.98997004e+02]]]