[[[  2.49608794e+01  -5.91114248e+01  -8.03220792e+00  -6.83395395e+01
     1.13977211e+02   1.98977725e+01  -5.51033106e+01  -1.20981308e-01
    -5.39880423e-01   5.56777975e+01   8.69156693e+00   1.37720934e+02
     1.88019296e+02   2.36972563e+02  -1.10571493e+02  -1.90958441e+02
    -2.12623047e+02]
  [ -1.33774578e+01  -1.06691228e+02  -1.00511703e+02  -3.88255885e+01
     7.99364290e+01   8.60882985e+01   1.81568270e+02   1.19641879e+01
     6.99631636e+00  -4.14254147e+01  -7.51952359e+00   1.10002558e+02
     1.84381621e+02   1.07451305e+02  -7.51062067e+01  -1.49442047e+02
    -2.09252694e+02]
  [ -6.38481495e+01  -2.76798302e+01  -5.64374258e+02  -9.37362528e+02
    -2.57579477e+01  -5.69901286e+02  -9.69898961e+02   1.76080077e+02
     4.44942167e+02   5.09614400e+02   6.34671860e+02   4.25440938e+02
     2.43157746e+02   3.63713031e+02   4.23221269e+02   2.24613530e+02
     9.13529654e+01]]]