[[[  35.93832683  -87.08555901  -96.50155082   -2.8383008   115.2724143
    208.17807431  474.69047345   12.57961976  -26.60566344  -83.82814352
    -42.46723102   96.96401441  217.99007495  142.98517357 -138.04514763
   -373.33665354 -492.03841952]
  [  55.99099981  132.36334494  123.8734327   270.84678675  -20.38126725
    -36.26622623  139.51771512   30.62267153  -29.39754038  -90.01210173
    -66.39318136  -98.50488304 -222.82138435 -336.07012345   70.94045152
    113.57908384  -28.77821439]
  [ -68.17574387 -112.42790268 -505.51582501 -934.54647997 -109.30560723
   -478.8784752  -967.93562674  165.1428963   363.01318998  452.51693501
    524.10036561  342.46821487  104.16024594   87.80782128  314.4391553
    207.64906014  381.43024355]]]