[[[   66.37159084   -31.17823224   -91.08255323  -151.54302771
     161.49169471   246.55765942   451.22604257    41.24124377
     -10.74679996   -67.89727026   -28.95380119   139.04678665
     209.58374937    79.36414257  -115.09656955  -337.27235653
    -442.03259235]
  [   66.32773036   144.84262571    96.19457787   174.86886295
     -12.18717657   -44.11840843   118.52981262    42.37482601
     -20.78604376   -80.13048839   -62.67283239  -101.00186292
    -242.37463935  -321.18034408    84.99596303   132.14121828    -7.275507  ]
  [  -63.43953203   -54.21372826  -532.09520046 -1014.09035621
     -23.24055119  -388.98168111  -815.75400316   168.02819298
     394.07439798   445.72839286   573.6141672    373.29722158
     179.74423518    66.11999107   377.24735111   281.70157994
     406.9565498 ]]]