[[[  10.15247135  -64.11717168  -35.75300809   -4.74690397   90.77499883
    -43.72129194   43.64652448   28.2646977    -4.67456498  -58.91818509
    -17.13378537  128.95770052  162.23256971  139.30389967  -96.79797865
   -163.82053177 -134.15045673]
  [  18.62828972  132.50710307   90.86956505  146.67620825  -95.25054125
   -131.56402629  -92.06971246   23.36628874    2.59605823  -46.84407896
    -24.43717961 -103.6100106  -217.0059384  -236.10408572  125.79466473
    243.45494101  170.19846778]
  [ -40.42511464   25.136619   -498.86125076 -927.23518365   -5.43104018
   -500.34321658 -925.62236917  191.14394791  437.8589092   495.68179121
    615.48167969  415.3833515   228.29230709  100.19110713  417.80076389
    262.09797665  101.75990522]]]