[[[   30.54697231   -44.44174218  -122.18272501  -253.88868165
     173.79915065   266.01592737   218.13792888     5.54904298
       4.71795833     5.88718806     1.22244041   169.03270011
     346.40976112   244.11101869  -162.63186344  -343.12914937
    -279.03479512]
  [   36.77045508    13.22962441   -71.86156861    69.45853961
      60.31127281   -43.76802611    29.40911966    66.3718994
      59.28337514   -30.3593454     12.41902629    85.17629215
      67.71485678   -56.65901093    50.27825829  -103.72850895
    -219.67923306]
  [ -102.82679307  -152.51888541  -686.86872142 -1078.14991378
    -116.27604879  -349.61037866  -908.60076347   138.8017641
     326.39129256   455.5540739    509.44931364   304.66179106
     176.29938809    46.42738983   339.85442766   322.5393568
     521.35852511]]]