[[[ -4.33575918e+01  -1.14314313e+02  -4.10454917e+02  -3.76666661e+02
     5.74902950e+01  -2.23871131e+02  -3.83848368e+02   3.19186546e+01
     5.21322180e+01  -1.31347404e+01   5.04729774e+01   1.37072321e+02
     1.35353831e+02   9.16121304e-01  -8.42161478e+01  -2.33991181e+02
    -2.52791129e+02]
  [  9.87876178e+01   1.87197015e+02  -1.44160219e+02  -3.12397455e+02
     1.03782126e+01  -3.02805592e+02  -2.97907119e+02   1.89935374e+02
     1.82152945e+02   1.14968418e+02   1.71259225e+02   9.08266765e+01
    -1.58808399e+01  -9.04216841e+01   2.67292931e+02   2.52569784e+02
     1.13262815e+02]
  [ -2.65064063e+02  -3.62650326e+02  -6.44317180e+00  -2.69064778e+02
    -3.18718225e+02  -2.80545101e+01  -2.78591778e+02  -3.13174868e+01
     2.35077966e+02   3.41656725e+02   4.28666105e+02   1.71579200e+02
    -1.61590997e+02  -3.00571158e+01   2.17890688e+02  -9.85810416e+00
     5.59255983e+01]]

 [[  1.20678728e+03   1.22243485e+03   1.26807482e+03   1.62605017e+03
     1.19113958e+03   1.24977894e+03   1.64927195e+03   1.06919046e+03
     9.17670948e+02   8.59995928e+02   8.41687027e+02   8.41299675e+02
     7.31208021e+02   7.10834041e+02   1.00130891e+03   9.50128498e+02
     9.60854554e+02]
  [ -1.16856288e+05  -1.16886583e+05  -1.16832880e+05  -1.16573434e+05
    -1.16825992e+05  -1.16801398e+05  -1.16637801e+05  -1.16928141e+05
    -1.16993195e+05  -1.17009178e+05  -1.17006724e+05  -1.16965423e+05
    -1.17043089e+05  -1.16931616e+05  -1.17020076e+05  -1.17092710e+05
    -1.17173155e+05]
  [  1.28653743e+02   1.50183212e+02   5.90944038e+02   8.51517836e+02
     1.07123991e+02   5.27224492e+02   8.37545588e+02  -1.34969220e+02
    -4.44849345e+02  -3.59700092e+02  -3.75214239e+02  -4.47651759e+02
    -6.06041081e+02  -4.45836037e+02  -4.22928137e+02  -2.49528978e+02
    -2.69797212e+02]]]