[[[ -17.63128341 -115.75916217  -69.687792     42.24244235   63.02828053
    -28.64364855  104.48162182   -3.4066229    -9.76332273  -61.74364941
    -52.97563514  138.87338408  273.8013082   263.5455374  -148.6752636
   -225.94080701 -234.52694313]
  [ -11.71400843   70.17426701   70.92669133  183.33101697  -93.60229268
   -111.80913254  -38.4860277    11.2265441    10.32448894  -50.84966918
    -17.88515858  -54.22744579 -129.74658133 -199.48353465   98.84709036
    182.62773885  104.13855458]
  [ -41.86886431   -9.6574076  -529.16012722 -924.52339691   19.77386705
   -525.24500639 -926.13166528  183.35841464  438.57365054  484.56026447
    562.3055346   421.87927647  312.2289354   154.52346178  415.56813994
    199.26162297  145.09338338]]]