[[[ -1.23434043e+01  -1.01031822e+02  -3.38504133e+01  -3.37832036e+01
     9.13508043e+01   1.30565814e+02  -3.78717048e+00  -1.65927388e+01
     1.33565655e+01   3.56218178e+01   2.42996249e+01   1.26265046e+02
     2.52549818e+02   2.02762081e+02  -1.35881179e+02  -2.55859727e+02
    -2.76956238e+02]
  [  5.24922306e+01  -7.56393300e+00  -1.51961311e+02  -1.29796320e+02
     1.12548472e+02  -1.31098775e+01   2.44831528e+01   7.58639345e+01
     4.17853121e+01  -2.96124410e+01   1.09647632e+01   1.06635436e+02
     8.08316677e+01  -2.93667163e+01   7.89682840e-01  -3.15380793e+01
    -1.12414277e+02]
  [ -7.87492488e+01  -5.32361200e+01  -3.17789055e+02  -9.21654612e+02
    -5.35546245e+01  -3.19713418e+02  -9.17632784e+02   1.42984326e+02
     3.84273513e+02   4.29256477e+02   4.95790116e+02   3.64872432e+02
     1.98734655e+02   3.93482417e+02   3.63224282e+02   1.75530719e+02
     1.41463807e+01]]]