[[[   1.52233949  -74.55686403  103.28968902  197.94989828   67.33682167
   -185.12489775 -288.61110359  -20.46252433  -27.13492689   39.56389723
    -19.58643161   98.3589512   269.59698854  403.80536222 -126.90943038
   -200.13803316 -218.27602351]
  [  10.51718027 -104.09095797 -134.66906338 -171.7650765   125.12548763
    158.04040042  239.02533781   21.97776026   12.11643084  -31.8268633
     -6.85284027  127.85551185  221.62025611  163.02046808  -88.94386265
   -223.90276495 -309.99825625]
  [ -72.65381237  -41.82512331 -523.12751311 -981.45481658  -37.34078375
   -527.17584801 -874.86211979  160.25145105  425.78157259  479.80845907
    576.43876658  408.86719944  284.89407944  292.04113484  378.64483392
    241.4704135   155.13600903]]]