[[[ -16.63060078 -105.17055741  -53.62140448   62.78621881   77.19177758
    -18.54751661   78.66272007   -6.89156356  -34.91156296  -71.85604505
    -45.60590421   82.24927566  255.01259098  330.80870709 -142.30692498
   -259.1412457  -227.40617378]
  [ -13.18523994   68.24961145   77.77095506  194.72342513  -94.6200185
   -106.50252938  -26.95228061    9.56457898    5.85554349  -52.9105205
    -14.4589512   -55.67449965 -110.10651768 -184.27450345   93.44578046
    152.51535508   81.75138709]
  [ -56.68976805  -32.42379322 -529.73692871 -927.85684423   -2.91172863
   -563.95345733 -933.34683857  179.01501554  430.29652592  498.25103467
    616.81844092  442.59534759  289.99784729  122.73787098  407.12877493
    188.20564415  249.085891  ]]]