[[[ -20.60671377 -125.75601614  -88.12978345   34.66076621   95.61505188
    105.91638136  -11.81799556  -25.47461425    9.91469894   -2.17557797
     13.62985316  141.17428083  122.39641935  153.13664678 -166.07232916
   -244.03860554 -182.76555857]
  [  22.77694327   15.16985653 -400.55891174 -560.60479392   30.38406744
   -386.29553176 -546.74190486  196.4527173   256.86273561  179.44193753
    264.69598196  256.12734862  190.97439339   54.69012788  234.46145528
    149.67229834   36.51384996]
  [-276.3363381  -346.27228608    8.91266993 -238.47283375 -350.40334461
    -19.40477588 -247.05461584  -53.01995854  216.26908392  332.16066422
    399.50180474  191.13605629 -150.20245328   21.6709096   200.73736317
     -9.52723989   52.2949586 ]]]