[[[  23.24331387  -62.69925535  -39.55372276  -43.97870273  103.11328272
    150.42803976  120.7091819    11.41398204   26.13862578   67.27747704
     67.97809608  176.74510027  236.93149835  270.08976577  -97.40674344
   -248.27449052 -153.19941193]
  [  32.04886374  -29.63875655  -92.36705199  -33.93863567   93.73652476
     20.08685732  163.71128054   51.66568474   25.03278038  -58.52776779
    -18.34887096   96.35128342  165.19802037   45.44403946  -21.32363377
    -97.85107914 -195.86556991]
  [ -57.63262381  -34.75129441 -522.2721173  -984.56070437   -5.62814773
   -501.21943531 -701.58861926  184.97009747  462.73541922  513.31543053
    653.10030524  465.7412059    96.4212288   -61.17039293  443.09008105
    216.26474189  244.02827484]]]