[[[  -3.91123072 -124.50584018  -77.42752296   79.26111029   60.79314488
     95.95187774  253.01310032   -7.50838212  -27.74631591  -92.67460502
    -77.56386001   88.63790363  216.42879995  197.0073666  -170.03248132
   -251.85240054 -261.96488244]
  [   3.23743267   81.25640767  101.70231327  237.06068981  -74.78146578
    -73.14297083   49.07155471   11.51437995   -8.71421862  -66.55248941
    -35.49389966  -75.57431652 -152.21269039 -223.20819258   82.34569683
    137.1357193    33.84972083]
  [ -48.68343432  -19.76254975 -516.72687901 -922.72490103  -16.73592873
   -480.91865945 -919.81033908  181.62635308  441.72407782  481.41620212
    591.44969086  425.01527436  265.24021692   97.89910812  388.6396743
    158.87815661  266.90791262]]]