[[[ -1.74513642e+01  -7.72153146e+01  -1.61119372e+02  -3.11689809e+02
     4.29618990e+01   1.45386054e+02   2.14896794e+02  -3.66676190e+01
    -5.03478553e+01   4.68139363e+01   2.77777592e+01   3.68653716e+01
     1.39082996e+02   2.07053772e+02  -1.08611703e+02  -2.85559644e+01
     1.30569143e+02]
  [  2.20600890e+01  -8.24136079e+01  -7.32815627e+01   1.36598858e+01
     1.26533658e+02   9.13601632e+01   1.43326358e+02   2.32216097e+01
    -6.26731616e-01  -4.35043721e+01  -3.03848031e+01   1.18264346e+02
     2.34708131e+02   1.35741993e+02  -1.08290541e+02  -2.59418455e+02
    -2.42513964e+02]
  [ -4.26603455e+01   8.05465617e+00  -5.48988479e+02  -8.86754500e+02
     1.03127013e+01  -5.33910584e+02  -8.65581541e+02   1.77203538e+02
     4.36851471e+02   4.65082484e+02   5.55488883e+02   4.20159038e+02
     2.77867542e+02   1.09115023e+02   4.13722575e+02   1.80360481e+02
     2.54480227e+02]]]