[[[ -83.06438531 -150.23307656   18.28076815  222.9163583   -32.79872353
     41.72672606  183.98094506 -117.54439374  -96.04699659  -19.76757097
    -49.3429211    -5.72481427  151.61560098  284.40870888 -192.60839875
   -278.57099314  -97.60318336]
  [  39.71072908  -82.87040337 -184.5257371  -220.13749927  162.29197177
     71.04254704   39.21573067   57.95495753   42.6269513    -3.18757136
     18.01140954  169.83169344  257.21900936  129.51263824  -74.76603454
   -233.8556236  -265.53606373]
  [ -80.94866464  -39.52680057 -363.52691042 -881.31511668  -34.87744307
   -338.18857207 -876.58469177  132.74483895  375.31624385  413.677124
    489.97825115  330.7612156   164.71113548  276.88194835  355.27913395
    159.56793095  198.98512689]]]