[[[    1.50130763   -98.9850058    -85.21153206   -85.48864445
     126.41294098   116.4333867     66.55489426    -8.7619661
     -15.56329641   -20.99630986   -56.12302577   118.32016039
     295.56888634   238.28826424  -184.9149187   -269.57519867
    -251.20555546]
  [   61.64810861    50.87077558  -110.01388188   -26.54296074
      72.42544304   -79.78936204   -53.53677364    88.84831607
      52.97494841   -32.38514915    17.8042202     73.05753335
      30.70562565   -97.75353663    54.80862595     9.49297163
    -116.18596947]
  [  -73.60789736  -102.2386711   -399.50476401  -896.35365334
     -67.78680195  -406.42175363 -1040.57714104   159.8327398
     353.67513982   473.86105119   549.98955186   366.5757192
     164.68284716   211.97855905   326.68578897    72.27919108
     102.53204427]]]