[[[  -1.39213066  -68.04660171 -136.81683796 -337.30782489  125.1119183
    176.7194194   210.36775171  -15.93140456  -26.87768329   17.81591331
    -20.64808766  116.83227496  289.28919224  408.57480176 -172.33595678
   -291.5260723  -273.33629378]
  [  22.62538935  -35.68892223  -81.49455479   41.53925651   80.93968699
     10.26614902   79.69966139   44.29467899   22.17842079  -50.40096002
    -15.72237358   97.19590757  139.24229088   11.01045136  -25.49550962
   -106.79111264 -233.30807359]
  [ -73.26186188  -50.65579393 -435.2603419  -933.92650792  -49.30395107
   -459.56758797 -978.24238214  160.63884687  408.85747844  469.50917819
    554.80427924  418.59299564  267.87027623  340.25180381  385.06183232
    178.62703202  134.50413657]]]