[[[  16.84917255  -58.62915069    1.01143572 -114.72240555   88.67235564
     36.9049686   -51.59674021   -4.39938388    9.91807892   70.9164126
     21.34417377  160.90767422  213.69948403  220.51698008 -110.72198958
   -196.51672297 -220.78814201]
  [  -1.19940513 -109.13217659 -118.00769114  -39.88327197  106.73345324
     91.94515673  186.15607963   17.29876065    3.29994623  -49.52105059
    -15.12263666  122.92961398  218.56542174  140.33605215  -92.89610981
   -191.26206117 -241.9132931 ]
  [ -97.64395014  -87.85370518 -591.05772212 -994.57329957  -85.95898002
   -591.30418529 -994.6416012   175.23518322  480.18640669  548.45988804
    684.63786013  459.6990489   295.71144594  340.11634098  457.03194832
    244.6642399   137.83195895]]]