[[[   7.54712376  -75.71119727  -80.04193358  -21.99848499   86.30702132
     69.29421702   47.00169489   23.67951017  -14.23570438  -63.18868647
    -28.83530748  120.9223398   153.74545512  129.06958745 -107.65797955
   -134.98193636 -142.87777197]
  [  13.03710001  117.27191503   84.63392804  148.40897077  -91.19769572
   -106.51293852  -65.67192208   22.03360175   -1.04522137  -53.85556625
    -31.73050997  -99.21986207 -204.60316791 -229.42493385  115.67470957
    231.45186208  162.04586892]
  [ -27.76011746   28.95284247 -501.07508048 -925.03763758   27.99591487
   -498.62291239 -927.63597232  197.90410605  437.87027738  489.64537811
    613.55053011  416.19436409  227.20098532  100.61583444  417.40594838
    227.62768917   96.21628843]]]