[[[ -2.16436303e+01  -1.03959449e+02  -7.18296658e+01  -3.63952195e+01
     9.51865301e+01   9.94860534e+01  -4.35931396e+00  -4.48861574e+01
    -3.38403853e+01  -5.10309350e+00  -6.24711215e+01   8.54155165e+01
     2.63219055e+02   2.18158669e+02  -1.88924687e+02  -2.59685981e+02
    -1.56002247e+02]
  [  3.59830475e+01  -3.80578177e+01  -1.40528822e+02  -7.65512230e+01
     1.10024008e+02   2.04325301e+01   8.10059177e+01   6.20753030e+01
     3.17567935e+01  -4.01588527e+01   1.42473556e-01   1.12914654e+02
     1.18210574e+02  -1.49207534e+01  -3.05622658e+01  -1.11057846e+02
    -1.75065218e+02]
  [ -8.33108594e+01  -5.39361644e+01  -4.54374835e+02  -9.52440697e+02
    -4.96836089e+01  -3.80393053e+02  -9.41049146e+02   1.59389977e+02
     4.23222278e+02   4.86512556e+02   5.82845968e+02   4.35287800e+02
     2.56610332e+02   3.47189324e+02   3.95862811e+02   1.54729220e+02
     3.95392411e+01]]]