[[[  11.3569041   -74.33947862 -115.80926872 -230.83838722   92.66121298
    165.30513261  254.92222061    9.71395849    4.02536215  -10.95792342
      1.78241964  121.79597474  230.11540044  120.82338543 -144.71127131
   -221.67989008 -204.05281266]
  [  38.21876811   48.66692284  -16.56129095  121.97935388   27.77061494
    -30.12900416   88.06399361   58.54998929   32.65369509  -47.15744709
      1.61561337   24.19862545  -72.13524096 -201.32777293   55.20265044
     12.11017584 -142.35336845]
  [ -68.98043005  -40.51905191 -538.19109179 -895.89964029  -38.68818604
   -472.21410616 -926.7545065   162.00640511  434.09943383  478.64848485
    612.76256765  414.40501174  166.09273566  319.40276015  383.06831708
    123.53901609  234.71067778]]]