[[[   1.10685007  -78.51273458  -59.73997477  -35.884887     88.72696364
     91.17573443   34.42545394  -25.016741    -16.30638987   44.80922984
     -4.63791024  113.57194215  145.94153487  153.28603398 -120.82129185
   -187.16257423 -124.06190048]
  [   5.1299942   -93.30998893 -110.49859195  -70.60006767  103.5699768
     71.01710606  138.13754161   24.53043395   13.72763553  -43.62582421
    -15.99028194  122.13607966  222.12530699  140.57454882  -79.92420891
   -195.68820132 -224.01252263]
  [ -36.2712868    18.61503654 -507.15817708 -936.82632801   19.13855341
   -510.4309272  -934.32249286  191.60647931  431.82911166  495.16717995
    608.68475815  409.85628065  218.89673381   88.50646303  438.32537948
    256.18127447  143.60536435]]]