[[[ -6.38148717e+00  -6.77211768e+01   1.73546626e+02   3.13545961e+02
     4.97599874e+01  -1.70424056e+02  -2.58256195e+02   2.09346745e+00
    -3.78785932e+01  -1.12674944e+02  -8.71926808e+01   5.12292777e+01
     1.27121443e+02   1.48399150e+02  -1.13584350e+02  -1.28545392e+02
    -1.57023752e+02]
  [  1.48864670e+01   1.38721567e+02   1.27264022e+02   1.51059126e+02
    -1.08948607e+02  -1.36797077e+02  -1.52479965e+02   1.98919182e+01
     1.51259518e+01  -1.92976020e+01  -4.52364827e+00  -1.05495581e+02
    -2.27034795e+02  -2.77878116e+02   1.42890114e+02   2.61189356e+02
     2.23579959e+02]
  [ -3.33964090e+01   5.54860168e-01  -4.88747178e+02  -8.49412341e+02
    -8.35902069e-01  -4.38442941e+02  -8.56509029e+02   1.92524297e+02
     4.52581671e+02   4.84110645e+02   5.98486981e+02   4.34074104e+02
     2.25714698e+02   5.33782574e+01   4.04455450e+02   2.15065596e+02
    -6.66731324e+00]]]