[[[   1.19905608  -49.59365876   91.40257627  311.91477812   52.30225058
    -57.67576511 -138.2755447   -15.52655139  -64.95037928 -156.75118609
   -157.01056485    1.13857217  128.17243649  190.11374029 -148.56093181
   -158.97750919 -191.1059344 ]
  [  22.91662787  144.05992288  150.42239575  202.92241658  -98.22659279
   -123.88588545 -111.95319857   19.63199474  -13.07874245  -50.70887314
    -40.30440656 -122.8270319  -207.22801519 -276.24751252  117.49877021
    255.88573443  240.2941338 ]
  [ -30.2358585   -11.5437495  -495.41161347 -808.59704643  -12.17062148
   -453.16591105 -853.02874292  205.62290531  475.76879605  492.77330448
    595.47798068  454.35686148  184.9137829   -53.9932369   457.13068167
    260.62335325   -6.07971366]]]