[[[  12.20896495 -126.17085744   37.49673015  -74.77042173   98.3208574
    203.67378357  112.53674033  -19.8444387   -58.54629163   -6.30548759
    -54.17574097  121.41418456  330.84980113  287.43804456 -195.79782768
   -328.40412123 -316.09856243]
  [   8.3920608   -68.62380137 -149.79107248   10.53056572   85.40801775
    -22.75777563   98.81749574   42.8492629    27.74895697  -45.96710891
     -1.77233312  106.80687274  113.32183597    1.73392746  -21.21984315
    -37.54703778 -143.55627021]
  [ -88.08014833 -159.18820021 -795.94083212 -946.72199945 -150.82254448
   -538.01997835 -853.16607824  166.12930354  382.992531    528.26323119
    570.45867025  368.48547375  208.39656179  345.47938987  317.78825234
     66.64828226 -148.20870754]]]