[[[ -7.89773412e-01  -1.02550837e+02  -1.45272645e+02  -2.66863589e+02
     9.48726766e+01   1.38731687e+02   2.61438015e+02  -4.54527772e+00
     1.64037255e+01   9.20751115e+00   1.81251365e+01   1.32418923e+02
     3.31706027e+02   1.93814985e+02  -1.35089477e+02  -3.02345351e+02
    -2.35389277e+02]
  [  3.33869120e+01   2.66058142e+01   3.79356915e+00   1.18798610e+02
     4.01680132e+01   1.08617123e+01   9.65016607e+01   4.65340302e+01
     3.31429537e+01  -4.43065579e+01  -5.57862123e+00   4.78048312e+01
    -2.70635004e+01  -1.39530716e+02   3.35561868e+01  -8.62925131e+01
    -1.88260809e+02]
  [ -8.29530225e+01  -6.57635190e+01  -5.64281832e+02  -1.03264014e+03
    -6.36108001e+01  -4.30603094e+02  -9.91435016e+02   1.41070312e+02
     3.70549055e+02   4.25680535e+02   4.85727402e+02   3.50911355e+02
     2.62997015e+02   3.11931949e+02   3.56383513e+02   3.70650664e+02
     4.49458814e+02]]]