[[[   -8.42706699   -85.85379362  -206.85284449  -329.28046397
     109.94240795   158.95336401    90.4926526    -16.97221898
      -4.98835283    39.61458183   -31.66996916   109.57249309
     285.83811924   429.18540585  -121.51947205  -151.21464145
    -162.11225261]
  [   37.68441531   -36.30983978   -29.7944775    109.50626552
     111.67876792    83.48529119   180.23602747    31.68259562
     -15.00584171   -83.18613739   -55.53008421    77.47872889
     153.90366163    57.48079858   -83.82076451  -206.42713634
    -305.40648605]
  [  -52.88260834   -82.26951689  -581.65898035 -1066.03261434
     -78.38753932  -391.19862341  -925.55708538   186.66059477
     383.93149676   491.69870223   570.11336663   367.42740763
     251.62795637   162.14656209   358.20660051   155.88893963
      67.88353164]]]