[[[  -1.07091467  -48.99505838 -137.13760263 -296.28307926   66.1200504
     48.81010472  253.84358881  -30.61062221  -34.20879651   52.67509257
     15.80783421   53.1603998   131.05387508  188.7325846   -92.73972026
   -110.42345275  -37.74072785]
  [   7.1365305  -102.61527012  -63.16668952   -4.96754028  116.8886086
     89.60543056   91.34520298    8.11233633  -13.27885293  -37.26283006
    -25.17734677  112.87317703  237.32412963  174.36344369 -124.43900972
   -226.14345015 -233.21872619]
  [ -47.60212609  -24.78235522 -580.0282649  -939.42482686  -15.81895521
   -393.53422293 -904.30824179  176.4466206   428.18462744  474.19800812
    574.22803818  413.09939604  277.11679643  355.59475013  404.0902741
    205.40153683  -36.3058082 ]]]