[[[ -11.9640437  -109.43231335 -157.15935208 -183.28292851   71.09877625
    112.08120524  255.04271162    7.3596406    -1.91228973  -46.90837308
    -42.61351476  109.01903163  183.90938023  200.35219446 -104.29973244
   -162.8767965  -169.92637202]
  [  -3.31116905   68.57448283   35.34306327  118.75614889  -75.19700463
    -60.61419287   44.73673809   14.9201187     9.09517745  -60.63409034
    -29.63188344  -57.85750685 -190.0117254  -249.32397426   94.91464514
    211.12177731  144.99459911]
  [ -41.88753132   -3.65728534 -536.35609664 -934.78080173   -3.37533354
   -510.74286503 -923.4229051   184.84927928  435.55058391  482.050106
    583.40207596  418.59084874  292.28342495  363.93894026  413.01229637
    218.45050873  -57.99607938]]]