[[[  27.32229817  -65.40743753  -95.4496135   -59.15041086  103.5362268
     32.24270615   96.89796393   42.88716377  -12.11979132  -85.86417395
    -27.04231634   91.9677824   101.97773751  -59.09868494 -108.35416209
   -130.01762346 -231.0746693 ]
  [  35.84812059  155.03002834   79.9833467   113.56335382  -83.33383121
   -146.06657922  -63.35423781   48.33314193   31.23279783  -27.0346973
      4.30481347  -91.01880297 -209.62163098 -243.74043042  160.10044468
    239.77102196  128.42802485]
  [ -74.74806459  -76.24396773 -465.30725705 -822.92858418  -47.32454431
   -464.09110454 -818.77448575  190.34051467  518.62118145  556.21159396
    712.16690363  495.56210721  155.62126383   99.98757296  461.25245719
     74.49796587 -105.08294381]]]