[[[   28.91189764   -74.91309436   -71.28051563   -27.22115521
      89.7723028    250.4520909    328.36839646    24.0158095
      -3.57628636   -45.0422533    -15.57528179   152.96137187
     276.2907019    190.43131877  -154.17468184  -292.68248461
    -485.6425194 ]
  [   32.86544163    96.70509105   110.17689643   232.21644203
     -30.97414213   -14.74591113   128.15302271    16.85008067
     -34.72613504  -106.79241465   -86.85296208   -88.58430437
    -198.11152022  -319.94163227    53.54846301   140.81572398
      28.5415584 ]
  [  -48.96310594   -68.1524405   -464.50217322  -949.98786598
     -70.89041896  -572.20741041 -1019.97604624   186.64450134
     388.46118097   474.01680551   537.54755138   367.17868641
     177.21625914   152.22373754   371.30024833   252.63434617
     174.35724733]]]