[[[  -17.08515043  -104.88039673  -116.4890694    -90.83614742
      67.92748997    51.66220314    21.01850528    23.65554639
      12.72420709   -35.59599199     3.36401769   120.89785108
     176.00903735    63.09798094   -87.67534657  -116.82033232
    -198.80099186]
  [    5.65574401   106.61897116    65.1819164    140.22653095
     -95.30752005  -107.42406743   -76.59179779    31.83917772
      34.95658986   -31.24981145     2.58355889   -63.61780718
    -229.01234724  -266.06175406   145.27031173   255.79887107
     161.65269438]
  [  -78.12390882   -41.94078994  -543.50004813  -848.37818154
     -42.01331835  -556.40713118 -1030.32242753   166.21946796
     452.51214466   503.04265207   610.58023491   433.44030492
     262.59428005   424.60908877   429.43761035   198.64026861
      48.26909802]]]