[[[   20.05738538   -81.3462439   -119.45100713  -218.37908844
     147.97447861   202.3726355    192.18233836     6.73904633
       8.94498296    12.35825566     8.94148595   144.77930769
     328.89878621   286.13500442  -127.45964591  -302.30918414
    -185.14884589]
  [   39.98013391    15.5534616    -84.60079377     7.64796297
      64.40683165   -56.9273508     78.72527636    72.76616147
      53.55828675   -39.2592282      9.55758178    85.65868725
      74.85948063   -65.46651305    40.86655503   -71.39852487
    -195.45627371]
  [ -112.30234395   -98.86371864  -586.99301738 -1108.12778646
     -96.9981857   -404.24954909  -778.16865892   151.20248462
     452.48683671   506.28250676   626.41607614   431.1354626
     257.77114267   131.38475282   429.74265601   235.47635999
     375.05183294]]]