[[[   25.96410199   -69.37080164    33.30001432   106.07546441
      82.30323611   205.62858819   245.91607881     2.3325467
     -45.71390461   -79.3512822    -64.08041091   107.48611629
     274.93083325   169.97977032  -156.61844064  -341.34442315
    -302.57604201]
  [    6.95629047    74.01338192   158.5173934    312.93449193
     -60.10077309   -21.19513182    67.40632431     2.41252143
     -35.21431765   -86.94489242   -68.29836987   -94.19567904
    -180.2465395   -228.78522215    53.90743079    77.41370709
     -25.11201606]
  [  -63.9406482   -122.76029964  -719.9812651  -1106.0645527
     -86.70282337  -381.58956269  -921.33224818   164.41126883
     339.92872878   442.15644226   492.48794215   322.24724022
     210.02412794    33.10636007   324.99494085   343.2775191
     499.54348176]]]