[[[ -38.71097128 -128.67249362 -208.28388934 -398.07778193   59.53906412
    160.93713766  235.67764359  -33.97461786   -2.75765997   63.34697383
     47.07634717  103.72377919  267.76140721  320.441049   -116.1147066
   -189.37316326 -151.87673323]
  [  44.51789305  -33.96956437  -53.21075627   85.73706954  123.00540606
     53.49761306  109.40137622   41.55937583    3.72422179  -58.52694606
    -31.21301888  102.79711055  153.22184533   30.76155782  -75.18999009
   -213.8221787  -284.75755666]
  [ -62.91352126  -36.96106766 -474.75613212 -931.06733994  -36.91201811
   -469.88351156 -981.24981992  170.61648365  406.92982647  461.69927003
    583.39661895  358.51705587  213.11288091  328.66654375  415.93579066
    236.70834005  164.26783956]]]