[[[  62.10064944  -18.60792982  -80.34810079 -104.75055076  139.43419252
    173.60993798  286.45351241   61.78888978   29.50807559  -44.98058459
    -16.68176769  124.8363619    52.59855967  -74.97661855  -60.7723787
   -182.52898684 -267.77430696]
  [  37.97128466  141.36054843   93.66556725  143.43312812  -65.41789247
    -77.42760565    4.8260066    32.26449508    2.2611326   -42.55786415
    -20.67718915 -104.00782487 -272.37142201 -265.55063508  119.23631772
    191.03016712   54.07350955]
  [ -62.53494034  -26.06754723 -442.16855846 -927.30485313  -28.29353867
   -511.74662871 -963.93138019  160.05782888  399.20525893  444.03076518
    542.40756657  378.54496315  175.79353329  296.56223356  380.43857688
    182.01748626  332.1689059 ]]]