[[[   8.62135621  -75.30873909  -83.29297632  -18.7659169    91.68281607
     31.55363428   46.79292408   28.61378197   -9.93606172  -59.26670004
    -23.52776216  129.65211101  162.08499936  135.62245407 -106.57643616
   -136.46241422 -143.51863229]
  [  13.67774992  122.12460995   76.75476595  138.09268905  -94.7691166
   -124.5276762   -76.858483     26.03457967    7.41359539  -48.65416572
    -22.25951964  -95.0236872  -212.11901945 -236.81821614  127.60434011
    242.97831966  164.13570491]
  [ -50.27224234   -5.32453661 -512.87548908 -948.93149491   -6.06898493
   -510.77825748 -950.24155609  190.99657319  451.52724927  508.33739756
    634.3896499   429.73993299  239.58996682  156.53692928  429.64296091
    234.77712506  103.48249372]]]