[[[ -20.60617443 -105.01763361  -42.84106022  -54.91039977   66.9873128
     71.02904478   10.24333424  -37.1300459    -1.45966754   39.41634378
    -21.53092831   98.42197572  207.88441269  298.79044883 -138.87773926
   -242.52073339 -146.19836694]
  [  19.92378998  -74.42476177 -132.09415237  -77.1385992   114.27231944
     66.57005508  132.32421492   37.69177635   20.40604227  -44.33172663
    -13.44262937  123.71079932  209.46420658  112.66932239  -66.61944027
   -183.23962472 -251.71122198]
  [ -51.36519258   -5.71608043 -466.30224561 -909.50341278   -5.41218158
   -472.73866931 -944.08259118  187.06328221  451.42727968  504.05929911
    624.09549586  402.50188064  216.33761244   61.865989    430.32999867
    256.91842708  109.39324704]]]