[[[  -53.41038557  -146.43808489  -167.50676212  -244.96867374
      47.06146746    37.0079336    -18.3275691    -54.69855415
     -23.44328071     1.2398692    -16.62443539    87.3472734
     251.15167743   297.57480596  -175.65067273  -339.65911476
    -237.04607469]
  [  -16.9214262    -68.4469681    -60.66693439    62.30434426
      34.60404439    56.90101811   196.38864376    11.37098901
      21.09304721   -48.33619205    -7.7917152     84.74754144
      99.36128897   -31.46354926   -26.9641348   -191.78915666
    -274.6165843 ]
  [  -76.18144606  -102.33313493  -563.93465289  -988.57081804
    -107.68756071  -701.29501007 -1101.35568603   160.71032134
     345.32467726   478.09326842   519.3766848    319.8588026    142.3708241
     212.2832911    361.25111946   337.18903572   416.17656684]]]