[[[ -62.87771433 -128.32559351 -244.1702854  -472.70064011   21.14989629
    111.47096724  140.62261333  -51.72147099  -43.54143376   31.7861087
    -28.72027991   93.60422463  301.32611728  400.48593538 -151.20152129
   -229.56277913 -100.83855262]
  [  48.63668918  -30.24253849  -49.55107339  140.02336364  127.51587305
     84.46628147  170.91164482   30.83165802  -31.1805912   -87.63047577
    -72.4851268    72.31567417  122.90147197  -11.57425388 -106.76714388
   -213.98301538 -303.32786855]
  [ -56.87270791  -43.13623403 -403.77744617 -765.58272408  -15.71220279
   -529.26085146 -987.92820011  168.58344247  410.62480782  446.96182605
    555.4528573   397.72156748  309.73307419  430.22484457  385.36565452
    100.47010498   -5.64179104]]]