[[[ -82.67066653 -129.51308206   47.34378346  134.20616968  -20.58242425
    105.30610756   71.07601807 -124.42522864 -119.32390619  -30.51673889
   -108.20877056  -29.00007599  144.3646856   284.41782602 -208.17429296
   -133.7525025    32.91648229]
  [  36.10472274  -99.53615495 -177.27676349 -171.75456767  171.74587736
     89.60727196   85.50482385   49.49055675   20.44898796  -10.33773114
      7.87189626  161.68355483  249.20958337  115.44124296 -112.5062443
   -241.96821847 -228.04186359]
  [ -85.74928371 -114.25023431 -375.79636552 -979.02113791  -83.42015091
   -333.73755159 -830.2853224   144.2060904   361.44793177  463.69259559
    514.17647408  342.90551491  164.13291558  284.92090003  332.87293872
     65.33191959  -58.72553869]]]