[[[ -97.35489938 -156.4045795  -135.03644535  -86.95357141  -47.94809006
      8.50220554  215.47175443  -98.92091928  -97.55107161 -158.29345942
   -223.54077784  -15.62475035  132.80980604  319.32194922 -213.42545718
   -316.18270865 -375.19526559]
  [ -25.957846     23.18611646  135.84359623  266.18637847  -75.10180767
     42.84984147  189.42704723  -19.86173918  -10.16391942  -63.83771637
    -36.11383244  -41.25583968 -131.83783658 -227.55461737   49.51801833
    128.9121707    80.95344   ]
  [ -33.08401231  -24.21872692 -501.04347915 -937.15634061  -23.70857993
   -655.60571246 -965.27364237  168.02416517  397.9284671   421.2300149
    448.06117656  392.16015999  389.96709632  454.59632092  310.5854312
    178.40344926  114.19643823]]]