[[[   19.33781447   -71.72770078  -106.49843631  -150.91566887
     132.21914044   127.50717128   145.72353997    13.22564095
      13.38316669    11.27074297    13.03537145   168.25082267
     291.99714642   183.26248362  -107.7106348   -277.42894807
    -215.37391384]
  [   21.28734122    27.34990635    -1.11714228   144.69283359
      15.22476946   -13.93489542   102.01038782    47.16585217
      37.38419388   -38.39075474     8.97117287    37.05198807
     -59.91476268  -178.0241772     53.43046339   -38.57904269
    -170.55933753]
  [  -84.48561818  -111.19610451  -708.9439133  -1086.88474452
    -107.03728636  -456.24678087  -944.85307438   146.9280951
     349.27165514   460.41210248   497.23824256   328.52595393
     150.92892199   316.53217403   360.39083499   225.52344915
     407.38720366]]]