[[[  47.26109362  -54.18092488  -44.29459469   52.70604332  123.64796328
    318.71594428  360.47176102   27.12671292  -35.09436355  -77.4264473
    -95.26511169  142.49197027  240.20759424  224.42232139 -159.98256155
   -241.0083806  -419.65985666]
  [  10.82406899   71.98971886  118.02573296  295.96238562  -50.34150805
     -8.21797799  193.69919204   -5.92521018  -59.00487005 -131.99611019
   -112.19862166 -113.65401767 -193.3675686  -315.65614358   31.7468138
    134.4697127    35.70636244]
  [ -43.04943801 -150.24359719 -654.18776323 -917.33755762 -113.78910228
   -690.52959068 -919.45677541  210.80719886  408.91058479  526.54809806
    589.38538131  391.65018171  162.70760182   49.24698682  349.95730885
    111.21771187   -6.29100806]]]