[[[  45.66066281  -28.5286939   -69.31653029  -83.78332232  152.15396983
    -80.95675064 -112.24631525   30.27493378   29.28204361   34.46649579
     -1.94283673  139.09016744  368.95039542  519.36859151 -118.65893014
   -289.92808039 -423.48370819]
  [ -57.75015259 -108.20253565  -13.19363938   77.49995631   -7.29772616
    147.56236601  305.91191806  -32.04747185  -15.12541175  -64.37748735
    -30.55752075   51.01277405  115.23768424   65.41674849  -45.89001953
   -117.49468247 -247.31839497]
  [ -82.10161586  -78.29569897 -574.3865787  -926.19818609  -45.18679643
   -611.50262084 -968.14806242  139.50691538  370.39811582  446.65774854
    522.74776657  389.28918465  384.83903432  451.26526135  352.54844716
    234.18311822  300.77523179]]]