[[[   1.97940452  -89.33575073  -96.09388991  -77.99275817   86.22831188
     63.57787539   40.12559523   35.97224467   27.23310732  -17.83235408
     19.4113235   134.44344511  188.78907134   75.41525847  -76.0889618
   -188.04502116 -107.66760648]
  [  12.55098689  101.44229507   45.00735417  112.87589919  -76.34028438
   -108.86165334  -46.08755275   40.43499617   29.73165907  -33.54974641
      5.09203015  -54.00648578 -171.15539286 -190.09014631  126.30244588
    168.26616381   31.83144634]
  [ -70.65313654  -26.08862922 -520.3766373  -943.90261802  -29.32557613
   -557.05249594 -947.85115834  168.62900676  451.2223449   501.65188766
    631.7161965   400.90309512  183.48003592  254.29425305  430.09212748
    185.80334713  251.93757451]]]