[[[  -3.22122813  -76.81508521  -71.33257657   -2.85438603   69.22296891
     55.01245268  119.05041158    8.65527489   -6.58375887  -68.52023693
    -55.9324379   108.34465522  234.56092193  213.73320519 -147.51538482
   -196.50544077 -242.38554532]
  [  -7.83101782   77.52420093   70.18699013  165.7611567   -93.186107
    -93.13176742  -21.89188906   18.98350439   17.00554219  -37.45537381
     -1.78093994  -57.48031266 -142.40613662 -205.34181696  112.0602802
    159.53156502   57.58394466]
  [ -67.05608447  -46.72310821 -555.94934679 -959.54969834  -16.00106443
   -551.52779571 -960.56035787  170.22548229  423.27291118  489.74079274
    605.08690322  436.04967486  280.62180591  158.45466727  400.12636216
    175.75708003  378.42816651]]]