[[[  3.25288589e+01  -7.39959382e+01  -9.08751854e+01  -1.53656458e+02
     1.04990797e+02   1.50461072e+02   4.54501725e+02   1.82866409e+01
     2.01744409e+01  -5.22936728e+01   9.24808006e+00   1.29692766e+02
     1.99753472e+02   1.27878647e+02  -1.14710046e+02  -3.30909900e+02
    -4.32553471e+02]
  [  3.94748193e+01   1.08894552e+02   7.24601001e+01   1.59397839e+02
    -2.99450207e+01  -5.76095184e+01   7.39766156e+01   3.84235042e+01
    -9.94773977e-01  -5.35240207e+01  -2.74002276e+01  -7.12003623e+01
    -1.86378333e+02  -2.76559417e+02   9.08453057e+01   1.25170177e+02
    -4.67826786e+00]
  [ -6.38855356e+01  -6.23956275e+01  -5.80132284e+02  -1.02144174e+03
    -2.84337630e+01  -2.49535286e+02  -7.81815726e+02   1.52896971e+02
     3.69277586e+02   4.32549256e+02   5.41797054e+02   3.47333103e+02
     1.31130815e+02   4.34210931e+01   3.54347548e+02   2.98549878e+02
     4.33363744e+02]]]