[[[   58.01275904   -58.64629973   -75.95012593  -191.51001385
     154.35184874   231.9959112    343.9731305     54.14392042    15.87595
     -33.53027116     2.89360156   178.57700057   260.52801531
     203.32237333  -105.31184631  -277.10506461  -479.67210757]
  [   62.95940872   121.00024787    10.08398615     5.63312023
       4.91853417   -99.17115836    71.5300333     59.08897405
       3.42118501   -70.94356232   -43.27584815   -57.40424848
    -144.01450429  -271.3590816     91.40627231   163.96329804
      32.43830848]
  [  -66.42461716   -50.13457678  -388.65788227 -1026.0615072
     -52.16845856  -367.49883536  -677.4530016    172.93295585
     421.69504283   477.22654187   613.7653221    399.49866253
     150.65119012   -17.04704466   400.74783639   203.28770883
     150.09797508]]]