[[[   8.10634424  -64.56184417   22.99001296  -69.82374584   84.14961851
     46.03978071  -59.36356625  -12.48382245   18.30116712   54.08542357
     -1.77726472  106.37474089  156.34057342  239.1802784  -109.49530084
   -214.6851852  -153.66926502]
  [   6.02809835  -98.30978975 -114.31578275  -61.79944172  110.3660722
     88.44406903  172.88515971   18.55295022   -3.58269168  -44.51229454
    -22.43351384  111.08602301  212.01809585  120.81139875  -91.76248989
   -165.1648829  -220.9508305 ]
  [ -51.1903578    -5.23688325 -506.92046036 -913.66101548   -2.57281597
   -510.75656081 -947.01194889  168.00210624  415.34273087  463.53938571
    557.43727879  399.35450604  239.64908258  422.38980512  391.92139802
    125.15102999  107.3251733 ]]]