[[[ -47.10889543 -155.30118375 -150.37175288  -85.28720737   51.90236784
      6.38318518 -154.04431592  -15.75878648   48.83894015   38.61372376
     53.78811424  170.08399784  186.72017427  176.33662595  -82.37290269
   -232.94898587 -217.0471478 ]
  [ -26.90415128  -11.0404057  -390.06950381 -600.59104075  -42.76786698
   -410.6144095  -568.49213154  182.96611411  288.88311636  226.42545856
    312.30743253  268.67612073  224.31165274   89.5441039   278.51045958
    133.62204664   58.02887257]
  [-323.63891767 -400.23171387   63.66863437 -154.6794628  -415.66442549
    -20.57827813 -190.02937734 -106.75958237  148.20949177  281.12481101
    326.18471057   82.96296435 -208.23063414 -142.47821324  180.46831384
    212.44210938  393.15785682]]]