[[[ -10.56698878 -121.4289277    71.52736573  294.08749477   39.33093476
     81.64211784  189.95684292  -11.68400235  -22.2995151   -63.21178768
      3.3944931    85.71502671  237.26911925   88.77256673 -121.44697592
   -356.20304227 -280.36065795]
  [   6.31550207   98.91056972  180.70979846  337.67822738  -86.27944246
    -53.91587555   45.76732375   -2.46488692  -52.04418169  -88.95119072
    -74.89110258 -124.43977502 -181.74581609 -226.10325602   53.61858194
    119.42753416   14.35804912]
  [ -57.12009418  -94.45600591 -544.54338263 -986.72368774  -98.90450229
   -504.74518635 -926.7639987   163.00042523  362.81744965  447.38791683
    480.99136416  298.32321264   56.22590868  -92.41906305  355.5407589
    380.95630705  533.40574876]]]