[[[ -1.01865384e+01  -1.29445275e+02  -7.00181290e+01  -1.13960110e+02
     8.85679251e+01   1.45859469e+02   2.76749449e+02  -3.39614993e+01
    -1.04492978e+01   9.99515280e-01  -5.08712815e+00   1.17543834e+02
     2.59771069e+02   1.96208079e+02  -1.78987358e+02  -3.43257354e+02
    -2.33495175e+02]
  [  2.97962147e+01  -1.87258749e+01  -1.57812400e+02  -5.29983772e+01
     7.83182888e+01  -8.71922394e+01  -8.18246874e+01   8.63552617e+01
     9.57098486e+01   1.61511667e+01   7.46736119e+01   1.49609540e+02
     1.00826466e+02  -5.04962781e+01   5.28487977e+01  -6.66498686e+01
    -1.75247900e+02]
  [ -1.33370030e+02  -1.36513298e+02  -4.67989667e+02  -8.27901474e+02
    -1.00530986e+02  -4.82980670e+02  -1.06369232e+03   1.18744123e+02
     3.98036613e+02   4.78211529e+02   5.97912520e+02   3.75849603e+02
     1.86841792e+02   4.11019407e+02   3.77736143e+02   2.23136716e+02
     3.27277338e+02]]]