[[[  24.19099535  -28.4292315  -114.27828426 -264.15803565  136.6826827
    -87.4595483  -253.45875359   32.34094086   48.87949714   99.65860559
     58.98321884  179.27394302  348.89617305  495.11449664  -90.77787993
   -181.41833293 -247.8499453 ]
  [ -15.09870046  -95.99815428  -31.11540387   68.80085967   65.80082335
    193.10580655  353.57733878  -16.0986287   -23.1018611   -69.0000403
    -42.1248307    70.53731565  155.97301979  103.53033667  -94.3903327
   -234.33814602 -341.9245799 ]
  [ -68.11670002  -59.18356886 -505.79955942 -947.9999597   -60.23089342
   -541.28911525 -949.29477163  162.42632288  402.57250527  463.31012606
    550.07948059  384.30039837  268.02574849  300.82462418  388.32376755
    327.35698189  223.6399506 ]]]