[[[  12.05964303  -68.75137165  -65.42080232 -119.79908775  112.22339717
    -20.34847142   -2.15370288    5.62350277   38.75764716   34.0636703
      8.69438301  146.0513657   224.12696574  127.68675769 -105.89626381
   -210.96997206  -64.2008446 ]
  [  -6.06210516  -44.28792509    6.22170339  122.43955422   32.16373668
     97.26634186  250.78728842    3.83626353   -9.46803238  -71.61674304
    -32.78206166   37.61827536   29.38929668  -85.13920706  -37.85324219
   -112.22981167 -170.78388897]
  [ -39.94572738   -5.90486876 -569.14386217 -920.6242938    -3.55929607
   -570.47926674 -921.54212762  170.7697478   431.7724339   457.5560564
    516.62444197  412.80470852  206.26784607  283.85944519  413.49217472
    209.40681702  286.28856274]]]