[[[  30.0796166   -37.27840287  -50.73855062  -68.35246578  112.83216989
     57.27520722   34.68265356   53.77298311   25.26750124  -29.00528686
     13.6037003   119.07951611  124.75914577   14.63380009  -61.90284348
   -138.89476842 -144.96666305]
  [  20.54352997  128.15886095   77.11552132  122.97282111  -87.07179218
   -111.68734451  -81.13244006   32.43192149   16.64595795  -32.28417053
     -6.08833978  -88.45187644 -233.54132607 -219.66823367  134.58783802
    219.07692382   89.11356182]
  [ -72.055984    -31.7414668  -526.78538471 -965.40513141  -33.43332748
   -526.39439763 -964.97903286  158.10763191  421.44800555  465.62992635
    558.84726551  400.60158767  175.81488163  351.02888492  402.24366244
    208.56735776  313.84138002]]]