[[[  -74.80681857  -157.54504412  -239.04127165  -288.62820707
      -4.43773582   107.05662012   192.0224276    -92.13277038
     -81.80890171    -9.13392457   -69.08699593    28.94383007
     175.85578662   371.4005759   -194.56012801  -157.46153089
      28.66236803]
  [   20.66165486   -76.42353907   -86.56978056     7.69235303
     117.74686745    59.76640134   112.73231983    34.96881951
      15.61884314   -37.106431     -12.16401735   128.2704932
     190.66395426    53.21289764   -89.78891614  -278.44410434
    -318.73760515]
  [  -70.8954247    -88.50182076  -569.65195906  -961.8223631    -87.7925568
    -601.93606553 -1004.60782851   167.74165197   399.11888346   486.38789
     533.73832165   347.91941006   191.87606599   279.72172215
     376.76988586   181.00827863   190.80364163]]]