[[[  -3.55747385  -99.02734185 -207.81533458 -333.92724873  103.62747769
    134.01487886  203.27015843    9.7392033   -25.10266215  -85.3931539
    -77.16252742   99.24005499  232.56318621  305.22481929 -173.78289834
   -161.12256224 -269.77080807]
  [  26.20051625  105.23146711   -7.66616389   -4.24283867  -52.83059801
   -117.44032458   28.72162277   41.57470853   10.90375101  -63.65540792
    -37.6201433   -63.21213816 -129.68979697 -231.46340126  114.71536495
    264.25719853  216.51843228]
  [ -59.93803125  -45.48422921 -503.3806967  -992.2898949   -47.71492062
   -451.54591409 -683.80972096  193.06107053  467.6449387   519.51928471
    663.02919133  448.04932039  241.83640288   53.0153885   442.98660646
    189.00030308  -95.0510999 ]]]