[[[  -6.84036053  -66.2482814   -53.38059283 -121.32473521   51.22304057
     50.96137086  -11.48814727  -28.60249845  -11.05450562   52.49044045
      1.61324086   76.61258371  188.95055737  120.35909589 -104.45480023
   -121.7688267   -35.46749687]
  [   4.14444872 -100.96997467 -104.49652306  -38.84596244  109.25897314
     88.01495167  148.41714355   20.9654423    13.50610803  -24.00647949
      2.10652334  126.72039076  182.60376091   61.83744572  -91.11585361
   -211.81786028 -192.83256301]
  [ -61.12110872  -16.24356927 -558.29187505 -879.41026133  -15.59406923
   -566.99951786 -972.19751187  171.83986954  450.13937306  488.37234313
    591.93240316  429.22660374  201.54967652  374.04267977  429.95665586
    249.99898103  119.72949629]]]