[[[   7.62728509  -74.62237469  -81.04144606  -18.6548206    90.09663444
     31.73957763   46.75166185   26.83241634  -10.34316394  -58.68647104
    -23.64122547  127.46123912  160.01286633  134.1209956  -105.72882954
   -134.71317328 -141.43794137]
  [  14.62283565  120.99284271   78.14330629  143.18797862  -91.74717668
   -119.84915847  -71.82665237   24.70149511    4.86420296  -50.62640856
    -25.31750828  -94.86654505 -207.98865001 -233.01797711  122.59667533
    236.16400876  158.52903953]
  [ -41.16618859   24.14091535 -508.74062778 -939.83922548   -5.01269567
   -507.4173523  -941.24476869  192.63346985  443.47367352  498.80566591
    622.96910431  421.78494435  233.42900221  151.11436549  422.18173292
    229.32479002   98.82714287]]]