[[[  -5.59125965 -118.22753654  -80.81814293   93.1941822    93.86975415
    145.99085018  226.3350563   -45.8384207   -54.50147802  -31.89361008
    -85.93519931   70.56708034  251.75773519  435.17337557 -215.3792424
   -345.3072167  -416.71921799]
  [  15.50938574  -47.24034862 -188.42606621 -164.17322751   78.25912187
    -76.62828116  -92.84454925   73.66584282   65.00731392  -14.62856075
     27.71550379  141.63313661  215.87427912  131.21400891   15.70291625
    -30.13210372 -168.15869847]
  [ -97.01187629  -65.0229884  -404.55943041 -821.71473522  -57.66716123
   -414.60460135 -966.41263257  154.6262197   418.96256981  506.27952943
    642.01421166  431.53348209  277.14390447  193.50295713  390.8132103
    150.13529894    4.7410627 ]]]