[[[  13.60223481  -63.99396378  -58.00546933  -31.80140214  105.4875615
     85.25154072   95.46995279   19.95324134  -21.94410421  -36.73836446
    -29.28655669  139.89895271  262.20975174  195.00524771 -141.36841727
   -267.14711902 -269.77597475]
  [  25.49882114   82.62378789   37.87775838  154.77004591  -31.62611896
    -85.7356127    10.52486558   44.4688422    23.21077698  -54.68233797
     -8.90212087  -21.62104102 -127.53414721 -225.47012768   90.99686066
    110.43716037  -24.16319558]
  [ -83.89759964  -56.93169815 -519.11972549 -938.75510362  -57.6768815
   -553.01907132 -976.69135641  167.17182676  456.83459617  506.43595075
    621.05631428  437.82198142  216.96482514  341.17364918  432.62945919
    165.77845788  198.67565997]]]