[[[ -3.75605823e+00  -1.16890440e+02  -1.90491145e+02  -8.55419260e+01
     1.13944506e+02   3.30323981e+01  -1.07959096e+02   1.69955623e+01
     2.84272526e+01   3.33382960e-01  -1.64012199e+01   1.66065741e+02
     2.32621863e+02   5.46101800e+01  -1.09959597e+02  -2.32623045e+02
    -1.19795240e+02]
  [  6.31295865e+01   8.66849685e+01  -3.21961339e+02  -4.66225295e+02
     3.95742389e+01  -3.61851480e+02  -4.61735605e+02   1.97051097e+02
     2.24010561e+02   1.45145272e+02   2.23342954e+02   1.89401953e+02
     7.61672364e+01  -3.26100163e+01   2.41107515e+02   1.68862862e+02
     2.15104438e+01]
  [ -2.44446845e+02  -3.14277989e+02  -1.00703955e+01  -2.57822513e+02
    -3.12346233e+02  -5.04805601e+00  -2.57296305e+02  -3.70117896e+01
     2.11808064e+02   3.13106793e+02   3.59262239e+02   1.91952087e+02
    -1.12390897e+02   7.38814122e+01   1.90260544e+02  -1.17131413e+02
     2.45073266e+01]]

 [[ -8.49060102e-01   2.68006375e+00  -4.59418743e+02  -4.65044818e+02
    -5.15717563e-01  -4.48222687e+02  -4.98349237e+02   1.36189864e+01
    -3.00364430e+00  -1.62485170e+01  -1.33414165e+01  -5.49517921e+00
     4.66195973e+01   5.59931673e+01  -4.53851079e+00   1.12574063e+01
     4.57520763e+01]
  [  9.60792201e+02   9.56564408e+02   9.50037850e+02   8.58309310e+02
     9.65019989e+02   9.21955018e+02   1.01417728e+03   9.56247775e+02
     9.27896569e+02   9.30777681e+02   9.22815229e+02   9.41232719e+02
     1.04316298e+03   1.02623572e+03   9.25760071e+02   8.90682151e+02
     9.04923862e+02]
  [ -4.46341710e+01  -1.80430562e+01   5.39521139e+02   6.79675435e+02
    -2.06321672e+01   5.36395186e+02   6.76825046e+02  -9.81128791e+01
    -5.53566612e+01  -1.59924104e+02  -1.62966300e+02  -6.17685912e+01
    -2.76546816e+02  -5.02146119e+02  -4.87846984e+01  -5.98743770e+01
    -3.25597047e+02]]]