[[[ -10.85116475 -129.80743865  -81.87405786   75.13273302   55.66588572
     91.50425312  247.33009149  -12.424501    -28.09228046  -88.63780466
    -78.01507315   88.05291143  217.44972497  242.3062132  -171.46876059
   -260.28433041 -267.89987177]
  [  -4.50899942   71.14391183  100.72721734  251.70557016  -80.16179493
    -68.11108332   55.94016284    8.16341683   -9.86650903  -66.41394996
    -32.67189587  -71.47341038 -129.52103305 -208.64658966   78.709037
    116.52999375   15.18002066]
  [ -62.7714765   -39.8130807  -542.75808343 -906.59560531  -37.18628181
   -503.82694477 -938.99446928  172.14816748  425.70792247  483.09399334
    606.14062265  407.96488145  245.45993181   76.10549864  404.18681265
    185.09143367  386.17591712]]]