[[[ -12.98831698  -81.67827502  -85.85477295  -20.77548546   45.42998609
     16.58291853   -5.69316065   14.64702394  -18.72421336  -74.18662137
    -29.90323498   83.07469652  137.54352332   70.15040554 -110.15238736
   -137.23396933 -206.46154848]
  [  17.237638    126.64069072   89.26181177  144.46846283  -92.1655611
   -121.44907741  -78.34785292   36.4292442    41.2199565   -20.77292107
     12.41521101  -66.34709518 -228.2446991  -271.64298093  155.29648239
    246.21982783  156.08153938]
  [ -65.11595127  -28.17031907 -503.92463625 -912.96580011  -27.24456324
   -498.01466194 -913.58874309  175.97816329  465.08371697  504.71091026
    615.74284093  448.35614388  254.70197023  399.03612536  437.76750799
     98.07385319  -42.43490868]]]