[[[ -11.64079674  -79.76973926  -82.95000821  -15.76569091   49.14582889
     22.74218342   -1.29776058   15.0212957   -15.55276548  -70.39501565
    -26.74009619   87.51555736  139.50620762   31.87371852 -108.70743496
   -140.8586379  -209.37030004]
  [  14.33330984  120.46983604   89.54003884  150.08983586  -91.80339249
   -117.59338715  -81.39947253   36.5399556    46.70438907  -15.13113999
     18.00893427  -59.43800759 -235.09724169 -268.18223653  156.88701451
    241.68248704  141.0482872 ]
  [ -64.56911254  -39.71242762 -535.16500467 -916.18612938  -10.0344123
   -491.22140859 -913.76097874  171.61054443  459.74193675  492.77738754
    584.25397153  444.71687059  282.70980823  439.3540862   432.11760572
     98.59268519  -27.28699483]]]