[[[   17.95278218   -81.83381008  -176.59272188  -219.69172562
     127.69904205   160.37215962   164.92617557    33.81706231
      61.55863909    30.70639967    55.36268396   224.12131939
     341.82966701   182.08078072   -63.45034615  -312.50864338
    -298.94704481]
  [   24.96491715    73.72675708   -22.75104923    85.86689071
     -23.7968847    -82.78755813    29.99425007    60.64381946
      41.59433914   -37.20653272     1.461748       3.38758445
     -56.18393594  -158.94995628   100.98995286    32.31331797
    -104.01523351]
  [ -103.05169798  -134.58202118  -640.69069186 -1036.96827486
    -138.84844965  -531.47897454  -974.81758968   149.83527972
     357.24899851   488.51214066   553.77598467   325.40037893
      74.0448463    -64.79064995   385.22634152   405.31389565
     618.71013304]]]