[[[  9.10978359e+00  -6.30607299e+01  -1.34411732e+02  -2.60687775e+02
     1.45987659e+02   2.03160350e+02   2.90445581e+02  -2.29688851e+01
    -1.73109830e+01  -4.13415315e+00  -1.71357920e+01   1.38697551e+02
     3.05332670e+02   1.65595892e+02  -1.77958352e+02  -3.45353369e+02
    -2.33300970e+02]
  [  1.74884479e+01  -1.78130847e+01  -1.03420514e+02   1.81875428e+01
     5.27899440e+01  -5.94774488e+01  -3.94286656e+01   6.66721196e+01
     8.64422604e+01  -9.42694569e-01   5.03560651e+01   1.25586828e+02
     1.18842795e+02  -6.84258590e+00   5.22626944e+01  -1.40829084e+02
    -2.22651227e+02]
  [ -1.27256831e+02  -1.46684227e+02  -5.76114366e+02  -9.85862705e+02
    -1.06318838e+02  -3.63316173e+02  -9.76834978e+02   1.23331162e+02
     3.90744469e+02   4.64688499e+02   5.40885828e+02   3.37937117e+02
     2.17960452e+02   9.59663945e+01   4.04802542e+02   4.29329058e+02
     5.56814120e+02]]]