[[[   52.26748156   -19.82292912   -25.21162614    -6.53337282
     108.61242663   189.30447414   295.73935231    60.43769708
      36.88231486   -35.67851452   -11.57250411   136.74418464
     102.87575077   -67.62993554   -57.12298972  -144.53289912
    -241.99289467]
  [   13.25906647   115.00417179    96.00814493   162.60668873
     -88.4859435    -75.37446687    15.77721536    15.03433634
      -7.67788759   -48.52037893   -26.93952904  -110.36438949
    -252.92531272  -258.37039014   107.00229091   176.84281698
      35.37931706]
  [  -55.97209957   -74.75642958  -535.45159548 -1007.2821459
     -77.12547713  -600.78196274  -967.06970278   170.6770591    376.0775912
     469.48979593   528.91503127   354.68108501   130.17856765
     217.40751922   356.69396641   141.892468     339.69842024]]]