[[[ -10.28760482  -93.81258769  -30.82296475  -46.23345059   76.4999141
     83.17852318   20.90239878  -34.43965449    7.10846296   47.13352475
    -13.9589455   105.63014502  134.94267432  227.51469264 -132.11591906
   -200.81148344 -138.02145995]
  [  13.69068991  -89.11819977 -134.43814111  -73.0298426   116.49951725
     65.6561667   123.16187035   29.90514898   15.73516608  -48.12730307
    -18.57650268  128.62087085  241.48538443  166.87644698  -81.4473518
   -197.58410299 -258.46945374]
  [ -53.03099543  -14.45805595 -501.37651821 -892.32044707  -13.26894305
   -470.8432373  -926.55892759  192.09750182  464.45745516  521.01746459
    645.43126225  440.39441695  210.45977208  -30.37858901  442.8205359
    254.83499434  131.9498223 ]]]