[[[   6.0595755   -77.52070743  -81.45515277  -22.74987608   87.01058697
     70.26924897   47.41168013   23.51612059  -13.58539974  -62.18182654
    -28.29439685  123.43648018  156.1092222   131.54310035 -108.70315867
   -138.45852963 -145.01309761]
  [  14.58560229  119.51470952   84.66055204  150.11687104  -90.34348823
   -108.31980933  -61.0702753    22.55065042   -3.53695949  -58.0706358
    -36.11538856 -102.02309827 -208.61463051 -233.64906768  115.10321695
    237.57822685  169.15729476]
  [ -37.30759826   26.16406944 -507.33888048 -937.18078455   -3.31485741
   -506.12536044 -939.77992759  196.26942135  443.7289426   497.73896475
    622.31401368  421.03645191  231.00120254  102.05637298  424.11730898
    265.10036003  100.69136757]]]