[[[ -38.65261917 -132.96320777 -208.41498622 -316.70392163   46.71936155
    143.57231626  212.6909354   -43.96207655  -15.77914004   50.28985106
     30.75508494   84.50206478  196.58398929  290.01457987 -123.5430199
   -143.74636619  -63.68769033]
  [  27.80960873  -59.32200459  -65.93101414   58.20216437  114.94114977
     58.90031955  125.27804317   33.58816365   10.16254332  -53.49181251
    -26.36931358  115.56776578  199.87934888   87.96361764  -80.56087912
   -253.11233138 -304.03859352]
  [ -65.51968524  -36.77638798 -538.93919868 -914.05610755  -36.82956222
   -566.08594334 -965.03221003  176.65561538  461.57218271  488.13011745
    585.05006444  412.50191582  197.58199527  154.50779581  442.86896694
    243.73662543  324.8935702 ]]]