[[[   6.35762206  -39.08752041  -85.64759672 -275.29705062  114.16179264
    -63.51620015 -267.71516677   15.06201607   32.97500088   92.17879862
     43.63120105  126.32453359  269.79246347  210.14194868  -65.76340561
   -119.72865558  -41.0476257 ]
  [   9.80974377  -81.94699445  -51.5806741    54.8541722   101.56651894
    157.95324697  295.67520558   -3.87069051  -50.72359385  -92.08350182
    -76.6315795    52.72065971  141.21973027   63.19393827 -129.723084
   -182.71259073 -224.19702331]
  [ -15.63944502   13.19152633 -471.21742667 -839.33790753   16.04167089
   -469.40570035 -836.8257726   198.28456993  442.73604954  476.4986946
    584.04050678  428.02541705  282.19706318  159.77533894  417.06015119
    106.08208673  -67.24224397]]]