[[[  2.09286709e+01  -8.79510483e+01  -9.10688304e+01  -2.88220074e+01
     1.14060255e+02   4.89226209e+01   8.98865703e+01   2.29475936e+01
    -1.44431284e+01  -3.58544545e+01  -2.18147735e+01   1.42464172e+02
     2.68632118e+02   2.45883739e+02  -1.31201113e+02  -2.86597776e+02
    -2.47950799e+02]
  [  4.48935097e+01   9.93253326e+01  -1.38374664e+00   6.19845027e+01
    -9.53828661e+00  -1.30228474e+02  -1.00864107e+02   6.74040298e+01
     4.32197227e+01  -3.46852027e+01   1.16571255e+01   1.96720022e-01
    -9.80607756e+01  -1.79958466e+02   1.05574302e+02   1.20357701e+02
    -1.36649257e+00]
  [ -7.50260830e+01  -5.91530600e+01  -3.74359239e+02  -9.24157298e+02
    -2.79667672e+01  -3.75586585e+02  -9.91761264e+02   1.59668303e+02
     3.96331873e+02   4.69204130e+02   5.76979077e+02   4.07353271e+02
     2.67588868e+02   2.34799180e+02   3.70543308e+02   1.47099680e+02
     1.35094310e+02]]]