[[[  66.04171664  -35.33971511  -59.99772668 -156.47428259  141.27533957
    226.07193696  502.91455696   35.82358291  -27.80699561  -92.64399641
    -81.45700226  111.97921029  176.14735884   19.09082409 -122.59514616
   -329.88365416 -344.83388006]
  [  76.03223221  160.42657239  112.10761988  156.45984956   -8.3620608
    -36.68882795  128.79556559   40.046239    -28.5087826   -79.30698097
    -64.90282645 -114.02851469 -251.40702623 -299.17310727   81.61073268
    130.36712868  -11.60510189]
  [ -62.42912494  -53.39604143 -404.59060914 -997.51817076  -54.70355773
   -371.97853023 -813.17216142  157.60218289  368.01999897  411.91952435
    508.41909283  375.80471554  168.39576361   76.06649211  351.85385527
    264.99988033  429.17593106]]]