[[[  10.47386281  -92.8060059  -134.41205615 -214.24527783  110.52554637
    147.59016842  231.01562119    3.72000133  -14.1258095   -10.42033803
    -15.47213307  139.13898547  260.13321384  147.30356797 -132.48578806
   -249.92920832 -182.23082443]
  [  53.96635158   58.30387261  -46.38540539   59.89361073   49.62883041
    -59.10939258    4.57974315   81.28154012   61.80979472  -19.65704956
     31.80361683   59.28446443  -58.85312422 -183.01672127   73.59195738
    -12.19765949 -155.04289904]
  [ -93.45703148  -74.20712367 -523.42429884 -966.0292739   -69.58570202
   -357.96632677 -951.40736028  137.39356927  403.83111129  448.528102
    552.69190082  357.93255079  218.41349436  386.83995379  353.3209803
    174.12522229  302.34148369]]]