[[[ -14.02742977  -87.30515056 -197.12739698 -304.89030198   95.2839945
    149.19847347  228.43665281  -32.83830066  -16.60836192   25.80861596
    -38.82541114   87.88292639  210.92507077  378.83846528 -156.14264826
   -189.40135127 -160.2649611 ]
  [  22.47032471  -53.33549906  -58.42913555   59.34760629   98.27613451
     45.19713189   81.25052399   32.02814526    2.17960744  -61.1676461
    -36.88767685   98.06315184  196.82634824  112.20604697  -73.95361237
   -190.3614562  -279.76209452]
  [ -47.48269623  -32.0140846  -453.34126128 -898.80363678   -1.43106507
   -419.14775718 -973.52749363  182.30211632  429.31570102  479.55249645
    575.36736303  411.83113768  273.91064834  153.73621931  405.38470278
    221.01023607   66.77912697]]]