[[[  38.70556564  -48.6650912   -53.81571035  -32.93980651  123.11447825
     67.99868683  115.75746215   53.0600584    58.02538543    1.82057468
     49.09227232  161.62056299  248.13754538  145.73168966  -73.75987319
   -215.94529249 -150.48307444]
  [  22.60552557  100.89821682   43.44429205  126.70617466  -55.68710089
   -107.89581457  -28.22291783   34.70596567   -5.51611163  -67.21296537
    -35.78117687  -69.24152285 -106.62079031 -161.75690084   81.88721636
    110.02315983  -11.08343787]
  [ -37.33395604   16.78506164 -477.89851828 -903.6869778    13.0002248
   -478.47114084 -875.32016048  185.06055302  454.25302547  483.51053846
    590.89996648  426.78109177   89.13138591  -46.43703361  412.68181121
    244.89371568  311.79504241]]]