[[[  2.74346345e+01  -9.45633909e+01  -2.56402210e+01   2.63573971e+01
     1.28543935e+02   1.73737390e+02   1.53374232e+02   1.32040970e+01
     2.68316466e+01   2.58279640e+01  -7.52983489e+00   1.59124897e+02
     3.40636550e+02   3.33094965e+02  -1.43023891e+02  -2.75500025e+02
    -3.08974453e+02]
  [  5.75370347e+01   1.48793645e+01  -1.33167212e+02  -1.11625965e+02
     1.00194744e+02  -5.06917277e+01   1.50369465e+01   8.19759438e+01
     4.11126090e+01  -4.53856119e+01  -2.05094458e+00   9.25746160e+01
     1.08517455e+02   4.77282934e-01   2.04920248e+01  -4.04382554e+00
    -1.17112963e+02]
  [ -6.96470102e+01  -9.27080819e+01  -4.33842398e+02  -1.02808370e+03
    -5.74676956e+01  -3.87033344e+02  -9.02750588e+02   1.72268503e+02
     3.96474311e+02   4.90752407e+02   5.61742813e+02   3.77907234e+02
     2.16198594e+02   1.57591248e+02   3.69615673e+02   1.19935903e+02
     1.67843936e+01]]]