[[[   9.16138113 -115.46799337 -111.21972795 -154.4933577   141.95650464
    193.97320359  190.72310669    3.86840345  -15.14091371  -10.45537842
    -17.35739735  184.25504836  346.56530123  210.927719   -168.35440625
   -378.74304155 -307.62404563]
  [  27.11544011   21.57500974 -136.56924849  -29.44124799   32.65587832
   -131.19424593   -1.28770921   93.38605691  106.2045695    11.54720876
     77.49212094  109.54328757  -10.30839282 -154.85352478  114.18545403
     15.46870431 -145.51936097]
  [-169.37312941 -171.5051112  -567.02861231 -967.87335153 -170.45389785
   -562.03915353 -921.58542032  116.80995805  455.64635479  527.81141215
    655.51688889  397.04267709  255.74426687  384.21622044  431.34667948
    213.40117321  381.19942684]]]