[[[  3.75261977e+01  -1.29506159e+02   1.00990939e+01   1.00184845e+02
     1.85578287e+02   2.58305522e+02   1.72149297e+02   3.67230105e+00
     2.05057475e+00  -7.34875173e+00  -4.58588260e+01   1.64845921e+02
     3.43039418e+02   3.31879061e+02  -2.06022761e+02  -3.09750074e+02
    -3.46354535e+02]
  [  6.47652682e+01   2.80540903e+01  -4.53756241e+02  -4.82539344e+02
     1.01476463e+02  -3.88059980e+02  -4.93541771e+02   1.96716164e+02
     2.29709268e+02   1.35255951e+02   2.12036912e+02   2.55695730e+02
     1.65329657e+02   3.90802191e+01   2.08316440e+02   1.88333648e+02
     2.85010568e+01]
  [ -2.54380818e+02  -3.53836822e+02  -3.48689206e+02  -4.69598558e+02
    -3.02253298e+02  -7.69817681e+01  -3.64369391e+02  -1.44530201e+00
     2.52906801e+02   4.00427616e+02   4.63192090e+02   2.36680972e+02
     5.83912913e+01   3.28284872e+02   2.24260408e+02  -4.43702778e+01
    -2.14038116e+02]]

 [[ -2.24754983e+01  -1.04738350e+01  -4.57888529e+01  -6.21756339e+02
    -4.84608797e+00  -8.01938072e+01  -3.13912344e+02   1.65911701e+01
     7.01199290e+00   5.08058649e+00   1.17606626e+01   1.02310605e+01
     6.58724319e+00  -1.11297004e+00   8.40892887e-01  -8.19421597e+01
    -2.97904365e+01]
  [ -1.03683003e+03  -1.01395009e+03  -1.09651588e+03  -1.07841191e+03
    -1.05971009e+03  -1.04166430e+03  -1.14849161e+03  -1.03652107e+03
    -1.05590040e+03  -1.05733627e+03  -1.06479933e+03  -1.07225307e+03
    -1.08733646e+03  -1.04773718e+03  -1.03579455e+03  -1.02361431e+03
    -1.08917508e+03]
  [ -2.52602586e+01  -1.79243354e+01   2.51430233e+01   8.45350393e+02
    -5.10106808e+00   2.64553220e+00   4.08968322e+02  -7.12396166e+01
    -4.11112139e+01  -1.05901972e+02  -9.80739840e+01  -3.07614730e+01
    -2.43334205e+01  -2.93628607e+01  -3.98428662e+01  -1.46021318e+02
    -2.32328880e+02]]]