[[[  1.69958985e+01  -6.31572880e+01  -1.43129457e+02  -2.83225913e+02
     1.12296679e+02   1.92626031e+02   1.54632124e+02   9.03065092e+00
     2.00328441e+01   2.48976227e+01   2.40867784e+01   1.81011097e+02
     3.39630966e+02   4.26075384e+02  -1.41785683e+02  -3.14182517e+02
    -3.50278920e+02]
  [  2.35279416e+01  -1.01714541e+01  -2.41760830e+01   1.12778635e+02
     5.72273634e+01   2.87229356e+01   1.48248383e+02   3.57317399e+01
     1.43424425e+01  -6.38572374e+01  -2.75033362e+01   6.06773547e+01
     4.77163038e+01  -7.90059449e+01   2.45857188e-01  -8.27087202e+01
    -2.22540553e+02]
  [ -8.09833221e+01  -1.08449197e+02  -6.49826638e+02  -1.10919774e+03
    -1.05649444e+02  -4.59218831e+02  -9.62199287e+02   1.53948523e+02
     3.29288554e+02   4.55635580e+02   5.15639061e+02   3.43786847e+02
     2.78362855e+02   3.37365093e+02   3.08789977e+02   1.64313007e+02
     3.24835089e+02]]]