[[[   1.55551493  -78.14424609  -59.60268681  -36.15279572   88.75394228
     91.31056854   34.35171127  -25.22526988  -17.067355     44.49440821
     -5.18127201  112.86076832  147.76695218  154.49249053 -121.45317044
   -187.95194202 -123.98296503]
  [   4.36372009  -95.12880871 -110.72258742  -71.54947386  103.85627201
     71.60408739  138.56915467   24.50485327   14.12534449  -41.46211592
    -13.802701    123.71316945  221.39054106  136.72944044  -80.51220555
   -196.22442809 -222.18140914]
  [ -39.31106204   15.18833723 -513.13710501 -944.84384336   15.79486602
   -516.37854957 -942.1681386   189.31784458  430.27784308  494.50730042
    607.77555333  408.60700182  219.8473465   134.04431815  436.79543013
    253.80522047  141.64109905]]]