[[[ -1.18785846e+01  -1.30229029e+02  -1.83473412e+02  -1.54001814e+02
     1.14342260e+02   1.64941258e+02   1.33075918e+02  -1.12420811e-01
     3.90844578e+01   3.12309199e+01   8.47755605e+01   1.86587990e+02
     3.21452209e+02   1.91505422e+02  -1.10535381e+02  -4.01432477e+02
    -2.77018859e+02]
  [  8.12623749e+00   2.66961166e+01  -3.40905525e+01   1.51691735e+02
    -1.04436484e+01  -5.84985908e+01   1.34267918e+02   4.31116446e+01
     3.50142969e+01  -5.32106998e+01  -1.16738350e+01   3.05200644e+01
     1.99426152e+01  -1.03969896e+02   6.15415744e+01  -6.01997822e+01
    -1.78825198e+02]
  [ -1.09796133e+02  -2.01967157e+02  -6.82214850e+02  -9.14895986e+02
    -2.08710626e+02  -7.37006047e+02  -9.45697644e+02   1.52632947e+02
     3.76800743e+02   5.10304792e+02   5.28571925e+02   2.94372858e+02
    -2.09441613e+01  -2.07775410e+02   3.71034889e+02   4.02491690e+02
     5.98072431e+02]]]