[[[  -2.60406498  -93.05028713 -179.29829953 -307.07456577   67.39462472
    158.64519992  423.81878227   -3.08648516   -1.1229197    -6.63685739
     27.80183478  146.72901088  256.35794834  151.54252853 -113.85084419
   -297.44589097 -240.44712216]
  [  31.8592643    62.5943998    62.15246338  214.72217138    1.12412318
     12.21295992  150.64059664   26.99719559  -10.03251983  -83.33030281
    -56.02795068  -28.85367779  -60.77330683 -165.73089979   31.3325768
    -34.44022818 -153.67437152]
  [ -49.03428956  -30.86445536 -586.06172676 -919.7149639   -30.39275779
   -457.43952594 -908.76734833  165.4826402   406.0149626   433.90629562
    517.26256812  345.73443191  120.6781956   -12.48271878  397.24762576
    415.37246899  527.58789238]]]