[[[ -2.14546080e+00  -1.07998048e+02  -1.55599612e+01  -1.48113885e+01
     7.86016978e+01   6.48676277e+01   1.47315963e+01  -1.25161005e+01
     8.43050799e+00   1.97737608e+01   9.56109699e+00   1.49184273e+02
     2.67284147e+02   1.24855633e+02  -1.07003264e+02  -2.72363348e+02
    -1.99782200e+02]
  [ -3.48286664e+04  -3.48552867e+04  -3.48938570e+04  -3.48265676e+04
    -3.48020460e+04  -3.48251749e+04  -3.47485307e+04  -3.47598609e+04
    -3.47026972e+04  -3.47695032e+04  -3.47012948e+04  -3.46815032e+04
    -3.47827365e+04  -3.48994330e+04  -3.47307696e+04  -3.49431746e+04
    -3.49968800e+04]
  [ -1.46631862e+02  -1.33167968e+02  -5.47316925e+02  -1.00763070e+03
    -1.36571642e+02  -5.27801283e+02  -1.04463390e+03   9.21289778e+01
     3.43234824e+02   4.39590481e+02   5.17679213e+02   2.88712689e+02
     1.59122655e+02   3.56795939e+02   3.63612135e+02   4.98770341e+02
     7.18179876e+02]]]