[[[  1.55251185e-01  -7.42013107e+01  -1.50999355e+02  -3.34722321e+02
     8.06505712e+01   1.39616777e+02   3.82835245e+02  -2.23210295e+01
     8.20403205e+00   4.39802944e+01   5.07238964e+01   1.13812684e+02
     2.15634477e+02   1.82345004e+02  -1.08675089e+02  -2.64081714e+02
    -2.41142898e+02]
  [ -5.10382978e+00  -6.51534638e+01  -4.40476725e+01   5.89513663e+01
     5.49457308e+01   7.82758297e+00   2.62905201e+01   2.22066270e+01
     4.40826444e+01  -2.74634479e+01   1.23780811e+01   1.16563382e+02
     1.96562634e+02   1.08145832e+02  -2.00180528e+01  -2.10947735e+02
    -2.69458479e+02]
  [ -7.43896288e+01  -6.17710495e+01  -5.66212519e+02  -9.57409959e+02
    -5.90581615e+01  -4.64887809e+02  -9.67565851e+02   1.55225400e+02
     4.11468607e+02   4.58562038e+02   5.31956768e+02   3.56272068e+02
     1.37987461e+02  -3.25109349e+00   4.31262602e+02   4.63876635e+02
     5.35803749e+02]]]