[[[  -35.5577449   -112.95301908  -239.40087168  -479.30332633
      68.19039451   121.81923066   153.23568113   -31.54527933
     -33.91032744    45.37011957   -20.94006947   104.01052083
     319.72795844   419.81724493  -140.24793328  -160.04548321
     -31.83296494]
  [   37.98117233   -42.67222241   -40.38516001   158.77996435
     118.6345018     92.7111746    177.53302731    31.18196759
     -11.79157774   -63.05422977   -43.38706354    92.65809944
     138.7579375      5.44106627   -97.43747513  -251.10704592
    -319.23967981]
  [  -76.93674925   -69.74128508  -439.95115681  -776.91518837
     -41.64559233  -571.30245202 -1039.30306249   157.0257379
     399.96631307   456.99598049   576.80665678   386.55224685
     331.66505528   467.67781991   375.6716355    157.77505341
      81.91211946]]]