[[[ -5.08516365e+01  -1.08461295e+02  -2.60552357e+02  -4.44384086e+02
     4.31296714e+01   9.06133158e+01   1.60585214e+02  -4.73992242e+01
    -2.95361824e+01   1.47587945e+01  -4.91662686e+01   7.65328087e+01
     2.75223915e+02   4.15205647e+02  -1.69190382e+02  -2.56626001e+02
    -1.67387863e+02]
  [  3.06366123e+01  -3.56724213e+01  -2.68520745e+01   1.46463445e+02
     9.69456064e+01   7.89192006e+01   1.63955950e+02   1.74942016e+01
    -3.96669690e+01  -1.00459804e+02  -8.63139799e+01   5.30505075e+01
     1.27314882e+02   1.30292768e+01  -1.00870457e+02  -1.74720900e+02
    -2.84441560e+02]
  [ -3.32982499e+01   8.82831853e-01  -4.20210420e+02  -7.79042922e+02
     2.83647299e+00  -5.12389901e+02  -9.63729902e+02   1.84155388e+02
     4.18977566e+02   4.53711690e+02   5.61526970e+02   4.06482238e+02
     3.12808314e+02   3.18405070e+02   3.93278797e+02   1.00752137e+02
    -4.18750061e+01]]]