[[[ -41.98741656 -120.52191086 -112.81119191  -92.94937954   57.71551523
    130.7526075    19.55069091  -35.28224665   -1.42300071   -7.16053494
    -31.64630497   99.38115259  233.58176557  133.03497385 -135.39324663
   -246.05340672 -138.97883564]
  [ 135.57995764  130.77912673 -193.7980737  -154.6768223   140.38073808
   -208.7631857  -145.93752507  141.85471515   92.6939818    20.99085483
     54.06117017  108.89186516   55.80189878  -59.55220971   88.62136661
    -91.5088959  -133.60366938]
  [ -98.80087738 -125.04108035 -184.68271969 -681.22417921 -132.50695639
   -285.31116197 -986.52223776   97.09270036  223.71131316  318.12894029
    312.9328194   199.75632725   98.05036388  -26.9543166   211.59862111
    277.26482617  448.50624118]]]