[[[  -7.35629352  -99.37476827  -46.54678413  -58.24124855   72.37328917
     68.95993411    7.9979193   -22.59147427    1.73066713   43.60166109
     13.22462852  101.18718057  219.33606252  338.1024397  -137.00321736
   -286.04917399 -195.69692871]
  [   2.01954808  -84.54414428 -111.37056978  -62.99187738   88.58325475
     71.20494971  161.55046742   25.53550176   20.44551816  -42.38457685
    -13.34524968  116.99953514  203.60655586  112.29808831  -55.71649221
   -176.2861073  -251.3965419 ]
  [ -57.08797808   -9.55688703 -519.83084332 -961.74211188  -10.32546583
   -553.69691451 -961.40367752  177.92370464  419.06459201  486.10785024
    584.33412897  397.22880043  255.40245398  184.98277471  427.01923418
    320.79137961  189.71544726]]]