[[[   61.19655384   -39.62304652   -98.6620911   -171.31711396
     173.49664462   212.55066279   329.59026992    50.41946261
      33.48520499   -37.05308231    20.73932862   160.08097322   239.281995
     167.64045356  -119.55214045  -267.17477328  -472.89591395]
  [   44.26433998   110.05615671    28.61128069    82.3114326
     -21.52761102   -94.04804164    55.62786068    50.96541707
       8.84667666   -60.01660849   -32.0831696    -61.75024945
    -177.98062767  -285.4340345    101.82531642   160.39237737
      32.10319992]
  [  -70.09430574   -60.55052862  -608.6423062  -1088.62227385
     -23.85485943  -327.07971432  -707.63347533   174.96744953
     431.24365848   490.87260178   629.44514053   409.83916853
     194.54429767    37.92061124   410.03756396   247.22524925
     245.55146882]]]