[[[   2.30997137  -78.05658981  -60.09931068  -36.27405546   89.30866469
     91.50050651   34.68806299  -24.50505827  -17.34555993   43.17454821
     -5.77012984  113.25027899  148.96365347  155.17099683 -122.07192747
   -188.62827946 -124.63631086]
  [   5.25203126  -93.84203003 -108.14421006  -68.72658849  104.34610893
     72.68239007  141.61619094   24.21913398   12.55954984  -43.37332295
    -16.17879579  121.92467779  220.88254603  136.23930866  -81.26577522
   -197.62844185 -223.23585379]
  [ -38.59704513   17.45522189 -513.00731223 -946.29101251   18.35491288
   -516.0166779  -943.42091798  188.85521467  432.85529984  491.94983924
    610.55615313  411.70666232  224.09486337  138.13475155  411.77977224
    256.56052045  145.39148498]]]