[[[  1.20395539e+01  -8.95245533e+01  -7.42749837e+01  -8.78902762e+01
     1.06097495e+02   2.33616501e+02   1.52365003e+02  -2.00542757e+01
    -1.81815583e+01   5.16827104e+00  -1.60404370e+01   9.62086105e+01
     2.55802174e+02   1.62558904e+02  -1.38683830e+02  -2.88132714e+02
    -1.41555332e+02]
  [ -1.44788923e+00  -6.04435635e+01  -9.11225404e+01  -1.51243106e+01
     5.75476629e+01  -7.17259658e-01   9.73470725e+01   4.39011436e+01
     7.48089799e+01  -6.59519842e+00   3.70028883e+01   1.34830940e+02
     1.65707138e+02   4.50669550e+01   1.76955483e+01  -2.16224771e+02
    -2.42741507e+02]
  [ -9.13031966e+01  -1.07172195e+02  -6.29006650e+02  -1.07785900e+03
    -1.08825377e+02  -5.58853445e+02  -9.73118760e+02   1.40338928e+02
     3.22781186e+02   4.50472621e+02   4.69111761e+02   2.97582960e+02
     1.74089908e+02   1.14117501e+01   3.40899785e+02   4.42789217e+02
     6.08779674e+02]]]