[[[  -5.82136802 -110.86744998 -158.59755955 -243.50325081   82.63163271
    131.93842307  346.41118875   -8.92068691   12.05737328   -7.33687453
      6.32200962  128.02597889  273.04816647  125.21067214 -103.84474883
   -319.3178662  -169.51456956]
  [  22.30971924   43.24640505   29.2563152   177.66625332    1.37302579
    -27.07849375  100.55004856   40.35852815   27.91862968  -50.29035147
    -10.37408003   16.18562143  -16.28880188 -125.49271319   52.10773823
    -85.16752688 -196.28031743]
  [ -85.61045418  -62.0661714  -611.71586489 -943.56411635  -95.67809126
   -477.64262165 -901.99264519  145.76165035  392.08860616  451.38047977
    537.20985497  365.28147292  134.42146625  -31.39166363  411.15275039
    438.59074757  644.70561889]]]