[[[ -19.8898876  -110.76113441  100.34120997  177.59638323   39.50684418
    128.0949838   233.66648137  -30.57912244  -62.63992608  -94.37541793
    -75.66812773   66.04433476  213.56946672  140.84736755 -151.63460029
   -288.66431296 -269.45160256]
  [ -19.91606583   49.62969449  184.08946654  350.38004095  -89.46174215
      7.13598014  100.50752563  -30.33994469  -49.77897745  -92.27161621
    -77.4954937  -107.2504264  -182.66740374 -236.16643069   33.39570445
    111.64555548   49.79595598]
  [ -10.69207776   35.35638922 -589.97888207 -844.26171647   33.86021292
   -552.64884647 -841.96209509  184.2186942   394.45039837  429.21562679
    527.90107778  379.71696947  282.67958749   93.14607332  379.06629136
    264.48080197  258.4424325 ]]]