[[[  56.71608491  -18.88013507   25.19284658   63.83513207  118.98937877
    218.72752039  289.24755252   44.86582903  -15.97060869  -85.02688467
    -34.41915629   92.1144677    53.15028013 -128.20203103 -116.54590416
    -94.20638987 -163.78540072]
  [   1.35354209  107.38988643   99.78738476  178.98130193 -104.68288723
    -85.79168009  -29.43868106    9.83282309  -12.41578827  -50.08092199
    -32.23614839 -126.71944912 -240.75826881 -226.50065338  109.48104813
    195.10315609  101.91468937]
  [ -30.88255923  -77.35617915 -702.95738234 -924.1393193   -29.27433473
   -427.09037679 -874.08856628  209.33253489  432.58002244  524.23062133
    639.73838736  411.85466224  185.06025176  -10.32739939  407.51808307
    136.84623991   24.76615641]]]