[[[ -37.48217782 -112.1774455  -177.85804093 -283.60660003   37.58945409
    106.66360602  346.31530387  -51.77150547  -34.67451323   33.36274835
     14.26211183   70.67819742  234.35674195  333.44856648 -145.65994607
   -246.77028925 -142.56714662]
  [  41.32406736  -43.46749415  -64.48453531   22.79003296  126.11578311
     41.1352747    35.04349524   43.18788795    8.12269048  -48.90194829
    -25.74014175  111.74659828  183.6305953    70.01322563  -74.47856583
   -181.01563354 -261.08514303]
  [ -48.45659834  -16.3306534  -511.90447441 -901.88402203   -8.19668886
   -368.16249798 -902.82653269  170.47461742  394.75274016  450.7608205
    565.09785238  377.31543163  204.00324616  306.52115724  400.68711606
    180.68535099   55.62282198]]]