[[[ -26.17744214  -89.62803714  -85.45541449   68.23412623   31.45175184
    -61.08124169   74.05701835  -11.54538825  -27.53617708  -86.92382644
    -75.89068805   77.65476207  286.25654317  319.35518886 -119.02917067
   -193.60898615 -204.77967518]
  [  -8.96331024   97.98429842   93.70719073  189.33251819 -115.91080995
   -123.1731009   -75.07133211    6.18834937   -7.73359526  -48.97056576
    -28.95675098  -90.79767652 -146.52744909 -217.34746082  107.67572806
    230.86600717  180.05131676]
  [ -42.2883709   -10.72461031 -515.05521275 -899.87308017   15.98646394
   -515.30287058 -936.17876995  176.83354721  421.54848231  460.79059469
    540.23895352  402.43090299  221.79579266   50.19181264  403.8974793
    238.80870086  348.77094731]]]