[[[  1.77414497e+01  -8.16804131e+01  -1.37155558e+02  -2.21961497e+02
     1.28307663e+02   1.15810165e+02   1.36389349e+02   3.61237240e+01
     6.30579019e+01   2.98280257e+01   5.70680556e+01   2.28133009e+02
     3.48491114e+02   1.85859526e+02  -6.24543947e+01  -3.16060854e+02
    -3.07414718e+02]
  [  2.36457739e+01   7.90973620e+01  -2.24342815e+01   6.64892274e+01
    -3.18057808e+01  -1.01365517e+02  -1.58649854e+01   6.12432703e+01
     4.36253651e+01  -2.96310610e+01   1.01383540e+01  -6.28033865e-01
    -6.01651933e+01  -1.59742619e+02   1.10411533e+02   6.52571203e+01
    -7.22323942e+01]
  [ -9.73645693e+01  -1.22007096e+02  -6.34531143e+02  -1.04198915e+03
    -1.26219515e+02  -4.84363221e+02  -9.52860727e+02   1.47373645e+02
     3.72728337e+02   4.80916383e+02   5.40541998e+02   3.09411701e+02
     5.30610692e+01  -5.05728114e+01   3.63511763e+02   3.88608770e+02
     5.97284109e+02]]]