[[[   51.87369979   -23.97947629    10.21313252   231.43773933
     122.41403299    68.46655107   138.21149664    52.33462323
      18.15840992   -58.84705553   -29.22761092   113.01178243
      34.82233683   -94.6311816    -37.44264913  -200.46814479
    -350.98641905]
  [   23.41708096   145.706889     138.83405676   219.75384997
     -98.8725499   -121.21731801   -65.89740605    23.33587519
       2.07179892   -38.5560048    -17.35915913  -118.47900181
    -282.62799581  -282.55721929   132.0413648    224.00427721
     101.60767172]
  [  -85.74958346   -57.54248778  -525.57515772  -813.31134969
     -57.83651203  -573.63346991 -1003.09985417   162.66406806
     432.79070873   493.45350623   646.60856292   382.71303837
     192.74739581   270.84501158   412.38544859   196.07668557
     273.15825784]]]