[[[ -16.83524188  -99.00955761  -12.25528153   25.95876451   76.03999266
    -50.62848472  124.14797915   -5.97762526  -31.30192746  -70.32815928
    -40.36672487   82.1713313   248.51814833  278.34725379 -134.79754359
   -248.75764764 -218.06630227]
  [ -14.54470359   69.91882732   81.8316285   193.77565852  -99.00817845
    -98.40213458  -34.98985857    7.06938003   10.37954728  -43.5972912
     -4.00047613  -57.76415435 -132.50157297 -197.10878087  100.08502474
    161.09170023   84.53537759]
  [ -54.35297552  -30.55182678 -553.21186409 -919.47573146   -1.49873027
   -553.26019482 -951.37042656  175.74650032  423.20302477  492.47637228
    606.42771511  435.85500725  296.46749689  173.62834507  399.84672332
    185.52329054  247.68387806]]]