[[[    3.9361353    -92.58390192  -138.20213164  -272.85978933
     137.56207523   193.60397668   238.63560169    -3.8738055
       8.21596495    -3.06652525     4.58711022   183.47581817
     369.52453973   207.12825047  -171.13226436  -416.00687344
    -251.94837646]
  [   17.97882633    16.22875906   -62.01669184    36.65469362
      19.72889155   -67.22816677    97.46130302    60.34994141
      70.18948852   -19.9699882     28.90683953    74.09712881
      16.59797572  -104.84808957    78.6644127    -75.86133363
    -187.02830829]
  [ -138.78095904  -138.46807659  -670.97566612 -1115.2191508
    -138.87457293  -498.79093415  -776.7015149    125.07894346
     413.15765241   483.754315     587.28925072   355.52903447
     224.88224536    97.0371412    400.37816844   466.73837997
     609.68380784]]]