[[[   20.94804915   -95.77269696   -94.2578945    -38.50133412
     104.31504476   232.12068481   354.07197323    19.18731467
     -22.51326594   -42.91570021     2.95159044   134.51687092
     255.58564784   162.34302257  -138.67065172  -315.65641174
    -416.69089119]
  [   27.04357221    88.73721919   107.08534539   237.73830197
     -34.65004321    -9.14952498   147.27696097    16.33958104
     -21.08466821   -94.67671012   -69.35607736   -77.22479973
    -229.19706067  -319.40325315    61.64900957   126.82617737
      13.13746226]
  [  -67.5820063    -94.7293887   -498.61610625  -994.27253467
     -96.30668995  -607.0490811  -1059.70906732   176.48733951
     401.70395623   477.28167141   522.28905055   352.99233793
     278.7103265    257.75776545   383.45026737   279.4838912
     196.73256809]]]