[[[ -52.85842069 -136.16907106 -226.95052342 -462.7821802    64.90555167
    124.36439346  103.64133732  -45.83045487  -48.91233053    9.27984077
    -38.14057136  104.74265145  245.31251377  438.92763332 -168.93940419
   -281.22858403 -221.07054623]
  [  30.70709866  -31.5996054   -43.67362742  108.02527994   93.01383401
     54.8655926   222.11348613   14.92301484  -51.11451396 -122.28814531
   -104.91411274   37.82996077  137.94142822   29.00268691 -100.93103142
   -136.21116232 -263.0313482 ]
  [ -38.57460328  -32.30094932 -436.06190642 -888.23220436   -3.91481265
   -512.78341748 -715.83071429  191.74782651  427.53173109  480.85345274
    616.03739732  443.21286256  294.00852523  164.22415752  400.82073691
     91.18388394 -104.82464548]]]