[[[   44.33246221   -59.98056263   -75.74977237  -135.32546498
     119.67630062   251.73485492   502.45121505    23.50954128
      -7.36835312   -82.77535762   -59.51542108   100.28663971
     160.95330747    19.18339139  -104.389764    -316.77931328
    -375.99366634]
  [   47.21802429   128.35972284   114.75884266   198.88259886
     -33.92367889   -21.32476121   163.21212491    26.84853809
     -28.7284637    -77.09480663   -61.90452929  -112.79270258
    -243.9248935   -304.02206783    78.86537602   129.99798319
      -5.64882222]
  [  -61.01647457   -43.4880268   -551.23818548 -1020.45032019
     -43.04501527  -412.58904243  -790.97601369   165.96308381
     395.16857751   443.38110029   570.67005488   373.63427834
     152.18823361    61.57727566   380.04901803   290.29362365
     460.60439226]]]