[[[ -81.38050999 -168.80578772   79.11821256  122.28538967    9.33121078
    127.03090274  147.31752234  -93.37726321  -62.80376839  -38.17825401
    -55.18052813   41.3779264   230.75682923   98.95774269 -202.14799156
   -367.23766043 -194.65455734]
  [ 111.54703793   45.19215701 -294.02289071 -227.67428621  177.90194194
   -188.80706537 -123.47282032  116.14951349   78.1941595     2.03629175
     39.17972567  149.79333495  138.64254859   20.38290212   29.11700637
    -83.0431465   -88.44587771]
  [-102.60390199  -60.14491658 -440.48837665 -816.04220456  -53.49652074
   -381.08982171 -842.72991976  126.22312078  359.22703497  409.62214989
    494.89190252  339.46763672  275.38817172  259.93567271  337.53831548
    295.84969732  157.57661913]]]