[[[   -4.1302536    -96.28189193  -177.20179571  -279.5726486
     115.14232188   122.15178867   208.81290961    -3.32308547
      44.95967964    20.33506229    44.96644773   167.69852202
     291.25997482   232.78399029  -115.93156504  -312.71324332
    -246.07449007]
  [    9.45398289    15.80593061     5.56789793   110.90386469
       3.10203986    -7.31005227   150.39250295    34.19420857
      32.00837343   -48.20071205    -6.13895803    36.6859086
      19.83111764   -95.27629482    42.89794422  -100.84418743
    -202.66914333]
  [  -93.92639717   -67.37883438  -658.58089405 -1123.26970692
     -99.9920017   -457.4504338   -808.73746138   146.01471707
     414.56442514   462.68121466   543.99958135   355.46197885
     152.90866813     9.95356674   406.84428312   479.73949751
     650.0669257 ]]]