[[[  29.03403492  -33.26639664 -323.31321735 -310.68877614  108.29023221
   -115.95586832 -228.66271462   63.87826617   54.83208254   18.04947897
     45.51635586  192.15862392  292.66584473  177.42804386  -76.49754014
   -260.18809472 -156.3205684 ]
  [ 129.75839298  221.71418711 -118.96866879 -141.47049037   37.80271161
   -307.43970844 -257.62202899  139.88358217   86.01367835   16.27868484
     45.97365518   19.76359769  -69.92041333  -74.41116868  178.35223693
    178.58095622   66.03966201]
  [-121.68950714 -157.24602906 -252.09011652 -722.89947494 -147.20510944
   -541.52769923 -984.25284354  109.98329017  285.30399245  396.05410065
    423.520731    229.42304931  106.57867518  -28.03311507  299.51819798
    305.14120703  440.4031425 ]]]