[[[  -2.96368368 -123.58576424 -180.00567548 -308.58652265   97.18894648
    135.88145972  232.19167929    8.86096803    7.16264589  -17.32519043
      4.52641942  139.05258154  278.15555689  414.22766206 -120.37535683
   -233.75514171 -342.07849039]
  [   1.08410233   31.52316528  -69.80313864  -15.88356172  -29.35506877
   -112.08961227   35.07110148   41.99684261   25.30332727  -58.94065819
    -18.52074693    6.158062      3.12348697 -138.34260075   74.81162602
    165.36899943   59.91495409]
  [ -58.76972542  -48.99812095 -566.55970376 -987.43922148  -17.60197465
   -396.65711488 -662.46001428  188.40676797  477.19235519  529.75003947
    679.54071065  455.5068743   204.64664118   49.38938771  452.75047808
    151.27344311  -49.16690963]]]