[[[ -11.70431106 -114.77224667   50.35159199   69.62988078   91.95513353
     49.30544746  177.69461361    3.21697047   13.66649997   -9.79486094
     16.17898588  142.36159891  228.79707033  216.62775931 -151.02796391
   -240.05113166 -303.39274522]
  [ -48.84058546   -9.6485741    80.31550278  276.90434185  -88.03265821
    -19.79065316  145.89624604  -20.09087905   -2.30123941  -64.97600581
    -14.82056433  -31.99786631 -138.25499269 -246.64812201   46.59127215
     92.14284954   -4.96595869]
  [ -66.79623292 -145.05337061 -720.20478967 -918.83298078 -145.98885799
   -757.189635   -921.80018938  165.63192497  365.70863107  510.62891614
    544.14919905  348.90503653  152.08984902  382.52023363  310.06722963
    122.93080057   24.87687454]]]