[[[  8.38811213e-01  -8.45423392e+01  -6.74006209e+01  -1.29318401e+02
     1.16006389e+02   1.13600667e+02   3.59965830e+00  -1.28569190e+01
    -8.51178347e+00   3.91113045e+01   1.77239105e+00   1.09770777e+02
     2.43378113e+02   2.50263636e+02  -1.31719334e+02  -2.62882455e+02
    -2.83335099e+02]
  [ -8.78354771e+00  -8.56594739e+01  -1.15195403e+02  -2.49828695e+01
     6.80923971e+01   4.58365601e+01   1.64731511e+02   2.55899781e+01
     1.29688915e+01  -4.96994429e+01  -1.21569913e+01   1.00349852e+02
     1.40217266e+02   4.04806088e+01  -4.92488012e+01  -9.71528180e+01
    -1.79798296e+02]
  [ -6.16154571e+01  -7.89328241e+01  -4.82840404e+02  -9.51329899e+02
    -8.10652818e+01  -6.39323759e+02  -1.03997692e+03   1.82360609e+02
     4.11655346e+02   5.15154452e+02   5.78692991e+02   3.90923362e+02
     1.95775398e+02   3.21884461e+02   3.88579251e+02   1.73452281e+02
    -1.51257483e+01]]]