[[[  -5.57482459  -86.12788956  -27.68043104 -134.41152484  100.72797062
      8.16493842 -124.01286459  -17.74604772  -13.93500756   48.16575897
     -3.57535456  135.94544019  276.75676651  240.42117566 -131.52586498
   -240.74735423 -127.3480201 ]
  [  10.56972707  -83.65364182 -117.00921711  -22.39567018  104.79319542
    100.27150105  227.37147498   23.67300942   -3.23710264  -59.48242645
    -25.5396022   100.98315764  148.9088374    27.00166021  -84.40441791
   -164.23378406 -215.20612249]
  [ -80.64119011  -77.20640587 -510.75660064 -933.83204866  -38.21578596
   -552.74299066 -934.51025349  171.93252625  454.07422717  516.61831872
    646.48787465  435.63467701  282.63332189  370.38610402  428.8611817
    175.6785004    38.53625118]]]