[[[   9.4696087  -107.11616983 -185.40923171  -73.17886696  164.77005779
     61.07568129  -75.77899923   24.31556606   34.01079022    3.37763469
     -9.82402808  170.49720227  237.63309452   60.72576189 -103.59063884
   -276.10543219 -171.00063763]
  [  77.31335824  101.23538083 -307.72752728 -443.76370105   53.39136713
   -350.96514344 -438.80907183  198.55478499  213.52144683  131.55598218
    205.91939267  177.97663395   50.58172754  -58.5812693   234.88369234
    164.02557276   13.00688518]
  [-250.09027697 -307.44036444   -5.68409866 -262.24711002 -339.35454314
     -4.88465845 -263.77330088  -37.35651764  207.79859238  309.25187269
    344.94173036  187.81202537 -104.45871955   72.7288038   187.25392898
    -67.61488223   20.20954217]]]