[[[ -28.31872846  -86.31395027   16.8749556   236.33510362   27.70913412
   -139.18154437 -238.39880057  -28.21853487  -88.77760891 -147.392398
   -181.46294677   20.91692254  154.41216198  277.88657335 -126.13666989
    -85.50087191 -130.18163871]
  [  -0.91824429  106.79476494  106.73297047  151.33323994 -108.6313103
   -145.86857287 -174.15379471   21.79107708   52.59507896    3.92053276
     33.09052463  -51.00550497 -205.21027555 -273.11441242  157.19228177
    258.906951    244.53122513]
  [ -19.60518362   14.73695546 -481.86425647 -803.72432091   59.21731621
   -386.23489333 -843.30256475  183.92428441  463.75088619  434.18341096
    517.36079557  459.32207211  371.70322124  325.25535979  309.14571022
     41.99700998 -175.00768825]]]