[[[ -2.74317376e+01  -1.19943352e+02  -1.39153351e+02  -9.57491875e+01
     7.79650951e+01   3.10286388e+01   1.32534251e+02  -1.11007048e+01
     1.37108274e+01  -2.59277472e+01  -3.04932738e+01   1.33788165e+02
     2.99666999e+02   1.94880788e+02  -1.07620701e+02  -3.39924456e+02
    -2.85592983e+02]
  [  3.53050042e-01   5.96196065e+01   6.71401331e+01   2.09253072e+02
    -5.89133815e+01  -2.16565431e+01   9.11125024e+01   1.79149400e+01
     5.22801781e+00  -5.96452022e+01  -2.57603779e+01  -3.21532686e+01
    -8.51098906e+01  -1.59939855e+02   6.94385327e+01   3.63778215e+01
    -6.70632493e+01]
  [ -7.05648283e+01  -1.22295057e+02  -5.41800522e+02  -9.59645923e+02
    -1.28471695e+02  -7.30120181e+02  -1.16083548e+03   1.61228939e+02
     3.16890685e+02   4.65458658e+02   4.74707078e+02   2.91833211e+02
     1.71362969e+02   3.89950206e+01   3.37046176e+02   3.59240140e+02
     5.22362300e+02]]]