[[[ -59.87537536 -137.70364754 -292.51109263 -387.41622859   32.3042312
     84.4001994   -45.6827293   -63.15560037  -45.39625854   15.94268195
    -33.40986689   81.03158132  240.34744766  425.50557233 -175.65881654
   -189.4616659    10.55231637]
  [  15.97490085  -66.70148073  -41.79951265  156.64380282   98.65139017
    103.00567437  249.6914685    13.11478879  -19.33390482  -81.08185379
    -55.5417209    80.97836907  130.66923699  -16.15206496 -103.28896629
   -271.35771019 -359.94733391]
  [ -76.41090759 -139.53258425 -777.05253767 -940.41115777 -180.93534564
   -598.78057412 -886.18484879  170.70830325  358.140076    500.68036236
    544.76443351  339.14822214  121.59232354  212.54802977  335.77901175
    108.54196313  158.77453029]]]