[[[  1.14640557e-01  -7.09992479e+01  -1.85228092e+02  -3.62262456e+02
     1.21744554e+02   1.71315514e+02   2.06780703e+02  -1.10437228e+01
    -2.62128828e+01   3.46215465e+01   1.54285516e+01   1.17496958e+02
     2.87782890e+02   4.14227809e+02  -1.41132685e+02  -2.63642229e+02
    -2.85299387e+02]
  [  1.42664930e+01  -4.25129134e+01  -4.17897422e+01   1.09809655e+02
     7.10459413e+01   3.99279145e+01   1.27121368e+02   2.70892470e+01
     2.68978018e+00  -6.80215101e+01  -3.82275626e+01   7.88269613e+01
     1.28270911e+02   1.06894557e+01  -4.50112951e+01  -1.23807906e+02
    -2.46017445e+02]
  [ -6.09717715e+01  -3.56393963e+01  -5.31189916e+02  -9.46517049e+02
    -3.29042128e+01  -4.62876067e+02  -9.46391386e+02   1.72359112e+02
     4.30427187e+02   4.74055116e+02   5.78243818e+02   4.13143766e+02
     2.50662861e+02   3.23549979e+02   3.82075714e+02   2.29403034e+02
     1.18426391e+02]]]