[[[   -3.54276871   -99.23856991  -174.17671076  -271.28278328
     101.91771496   183.45557462   227.69486069   -14.49300387
     -20.26566278    13.8491136    -14.90616727   129.55598821
     311.95985488   433.57057226  -172.49793416  -305.1692174
    -330.61752005]
  [   14.10900557   -29.21203945   -51.46006978    87.32208544    57.43001
      13.61126372    84.56258034    35.65955083    20.26185912
     -57.66884402   -25.80967903    82.05595444   113.88581179
       4.31409901   -14.04925686  -110.55807839  -225.10030977]
  [  -77.22237959   -63.80102694  -498.6515653   -926.77386181
     -34.97032884  -535.23205532 -1069.77314845   164.16100906
     412.16178024   473.03882061   561.59076311   395.380796     331.94447045
     304.54187617   391.70088462   289.97166699   222.31074906]]]