[[[   6.45921757  -89.27616726  -75.29939911  -66.87929973  125.05173612
     76.0949818   110.79686475   -3.29198759   -8.9554481   -18.13216454
    -48.09314743  118.17114506  284.81315338  229.81343816 -170.20539697
   -253.5292848  -232.50317587]
  [  12.23801134    8.00834899  -83.13902346   26.43703134   16.46768034
    -69.47436022   27.35485968   63.75607888   66.04137639  -13.79807938
     48.77055548   77.96309313   21.08796127 -116.66491285   68.74967522
     -9.35295885 -144.91516494]
  [-106.10101317  -81.12422225 -493.01247588 -911.40587962  -78.86615686
   -530.28169786 -986.05998718  145.13914875  438.48940316  508.88704536
    634.5947962   418.54464976  193.61502082  313.4015098   413.27106928
    144.17902329  309.78232737]]]