[[[  12.56089492  -64.26583822  -23.41364185  -34.68180237   94.85769453
     17.37361856  -25.98500914   45.53457329   21.78885873  -22.57416556
     14.57666744  184.20286632  218.31408395  189.58261173  -95.7527502
   -219.53524327 -277.06211624]
  [  13.63853524  114.9145145    66.77969773  125.07885222  -87.63752759
   -151.12719297 -110.17811493   42.44054415   42.19533562  -30.99488561
     11.62177396  -54.23888509 -215.35186093 -289.85871311  149.35089959
    229.47746296  131.81986962]
  [ -97.16703655  -72.22882539 -547.72698919 -944.4722476   -74.31671049
   -543.83880701 -943.57923325  170.80173934  479.51969355  545.48670198
    681.67544662  459.28993219  263.46184888  343.7260524   453.76415335
    191.88647541   10.04650278]]]