[[[   23.94663558   -97.97493441    -3.28030324    61.66583197
     100.46289653   175.0779373    222.56897611     9.07263637
     -34.59100254   -61.42858036   -46.8104491    122.83845743
     291.57673684   189.12817744  -178.67131853  -309.39902432
    -270.02300544]
  [   18.8281978     66.98130758   120.47092919   275.73405355
     -29.32490421   -22.90763382    98.62852808    11.3322173    -25.4820037
     -93.72132536   -65.83520249   -64.2316935   -149.66887604
    -223.75370216    42.08332412    61.95093966   -56.72710562]
  [  -35.40524229   -49.12207168  -633.93774296 -1048.17632011
     -45.63192196  -481.59394232  -940.05698505   186.24501243
     366.6524275    462.69109883   518.88676136   351.29729797
     238.32650775   161.11240961   344.34285744   167.07366411
     238.81953057]]]