[[[  3.50138734e+01  -1.14208594e+02  -1.85398686e+02  -7.60460347e+01
     2.03860228e+02   1.42623447e+02   3.74454473e+01   2.91894803e+01
     3.23862652e+01  -1.16418185e-01  -1.76548717e+01   1.95512531e+02
     3.16840843e+02   3.44553236e+02  -1.75169165e+02  -2.76990860e+02
    -3.23730927e+02]
  [  8.65544305e+01   9.06834372e+01  -3.99653672e+02  -3.79311738e+02
     8.24253776e+01  -4.13670558e+02  -4.31084585e+02   1.92827322e+02
     2.07847066e+02   1.04775881e+02   1.79133487e+02   1.96984823e+02
     5.83285612e+01  -6.97065219e+01   2.25361026e+02   2.15022603e+02
     4.29485198e+01]
  [ -2.50821461e+02  -3.38254161e+02  -4.99939940e+02  -5.59832143e+02
    -3.26371819e+02  -1.30602620e+02  -4.09528050e+02   2.05621186e+01
     2.80735979e+02   4.30542504e+02   4.93146751e+02   2.63863922e+02
     8.32224067e+01   3.54549719e+02   2.51103767e+02  -2.12949145e+01
    -1.87946160e+02]]

 [[ -2.25665116e+01  -1.04881975e+01  -4.60145348e+01  -6.07627130e+02
    -3.43625674e+00  -8.17868203e+01  -2.98294813e+02   1.81478791e+01
     9.72064031e+00   1.38190344e+01   2.23045618e+01   1.39785174e+01
    -2.58498396e-01  -4.37339445e+01   2.58239962e+00  -9.26271087e+01
    -4.37738035e+01]
  [ -1.00993824e+03  -9.87697286e+02  -1.07646801e+03  -1.05536375e+03
    -1.03217939e+03  -1.01944804e+03  -1.12187327e+03  -1.01084846e+03
    -1.02583221e+03  -1.03258489e+03  -1.03695625e+03  -1.04074938e+03
    -1.08159601e+03  -1.02839008e+03  -1.00796289e+03  -1.00033307e+03
    -1.09241163e+03]
  [ -1.25852986e+01  -1.32914647e+01   2.86109173e+01   8.34858189e+02
    -5.33889945e-01   3.08052816e+01   4.38093308e+02  -5.96524599e+01
    -3.75977286e+01  -9.86326494e+01  -9.02190835e+01  -2.72370418e+01
    -3.24703400e+01  -2.06462845e+02  -3.57282166e+01  -1.38930086e+02
    -2.52709830e+02]]]