[[[  9.13070119e+00  -7.32145620e+01  -7.79435747e+01  -1.51672078e+01
     9.46469744e+01   3.67413207e+01   5.12223494e+01   2.56165722e+01
    -7.05480631e+00  -5.49461804e+01  -1.99428236e+01   1.32091675e+02
     1.65161136e+02   1.39505552e+02  -1.05458360e+02  -1.78150416e+02
    -1.42437257e+02]
  [  1.84935943e+01   1.21032533e+02   8.05696899e+01   1.51108775e+02
    -8.40453190e+01  -1.14088532e+02  -6.26211596e+01   2.71408631e+01
     4.71781647e-01  -5.57833524e+01  -3.03315628e+01  -9.39229508e+01
    -1.97082295e+02  -2.16094864e+02   1.14655140e+02   2.15726749e+02
     1.31825237e+02]
  [ -4.22212097e+01   2.21676376e+01  -5.12508350e+02  -9.44747575e+02
    -7.71199736e+00  -5.12048607e+02  -9.46722801e+02   1.92592259e+02
     4.41948787e+02   4.98347526e+02   6.21446011e+02   4.18943623e+02
     2.27903069e+02   1.00017791e+02   4.22244074e+02   2.65993902e+02
     1.48674993e+02]]]