[[[ -1.09252778e+01  -9.62172368e+01  -7.79817138e+01  -9.94436043e+01
     7.84125929e+01   8.01974323e+01   1.88358314e+01  -2.53503899e+01
     9.42578282e+00   4.49843842e+01   1.95018426e+01   1.10770283e+02
     1.83048450e+02   9.73335740e+01  -9.80250532e+01  -1.88437406e+02
    -3.74207750e+01]
  [  2.24912353e+01  -5.81898208e+01  -8.69777023e+01  -8.14191262e-01
     1.03172335e+02   5.72120090e+01   1.50560352e+02   3.71035693e+01
     1.41521690e+01  -4.96157096e+01  -1.29590742e+01   1.03931024e+02
     1.34236817e+02  -1.24804419e+01  -5.85418105e+01  -1.58301958e+02
    -1.82294937e+02]
  [ -5.88111118e+01  -1.62257766e+01  -5.41876887e+02  -9.25209442e+02
    -1.45075378e+01  -5.06665803e+02  -9.21426525e+02   1.71491579e+02
     4.24743222e+02   4.82174717e+02   6.27361750e+02   4.02866797e+02
     1.55579560e+02   2.58104145e+02   4.03537721e+02   1.59025317e+02
     2.61416916e+02]]]