[[[ -18.52860622 -116.01218316   85.31439794  191.58983542   87.13100893
    268.95282937  492.23556563  -76.58213304  -56.60879771  -55.20110092
    -89.39100483   62.12948338  145.26478538  124.87956478 -208.37160686
   -370.54041451 -339.66923046]
  [  70.06486482   10.3055388  -390.40959025 -447.8158619   129.82406958
   -302.77570173 -337.69705791  157.27831485  185.69756364  103.42315492
    159.89589888  244.57565694  251.8214946   127.41109285  131.64745167
     -5.53325268  -57.48435717]
  [-140.6145447  -171.43766148 -226.80323613 -651.82172974 -165.55990984
   -479.53772725 -891.17242223   84.07660103  291.21691402  412.87175219
    476.2460231   266.93370399   69.80091863   29.39658916  271.59024623
    169.74002449  337.60336291]]]