[[[    6.56949989  -130.88401984  -122.38388091    45.81061006
     106.05112641    83.02855032    85.33515346     7.74441886
     -46.50908608   -56.79375212   -55.17415311   140.66410769
     340.82660142   280.14573002  -183.47933109  -275.04229058
    -268.38911775]
  [   22.0011497     63.38135653   -44.19129278    19.38729992
     -19.37908979  -167.19659676   -29.16426572    66.35754683
      56.43869489   -30.67045134    19.6058395     26.10030242
     -40.33694797  -144.97486286   110.2063093    115.23017137
     -17.51570071]
  [ -108.76544679   -90.57675816  -508.82959749 -1053.68072359
     -86.68497992  -442.53160968  -790.99471739   157.28244159
     456.5133482    521.11595685   641.08505544   440.63097925
     309.44898247   214.18781878   426.02633381   117.25659401
     144.76380302]]]