[[[  38.10051401  -38.31918856  -88.29505341 -147.99239565  124.77718742
     84.53978453 -128.27867825   63.01913147   36.5553816     4.91380068
     25.94451232  165.04181969  252.24551412  152.25241022  -58.84058618
   -207.432951   -172.1977569 ]
  [  32.77124407  119.6064229    33.91953572   59.3625013   -54.0639339
   -132.18878184 -175.27283636   63.17067566   46.97454468  -15.49170384
     16.78174817  -33.05327144 -186.21078048 -210.70912556  142.82319153
    191.84302376   65.18597471]
  [ -86.01963894  -62.70237466 -481.35740445 -936.11317476  -34.39862979
   -340.27636712 -961.06632288  129.51174257  361.09582285  411.60381002
    487.88873816  342.01206089  173.08958485  368.64693001  344.01928963
    223.02673225  337.66612928]]]