[[[  44.59395618  -46.39586732 -103.93316443 -204.27278834  111.73268564
    234.24684915  473.31747786   23.58766134  -25.74662279  -83.75964786
    -77.12919199  123.60588822  205.89503548  174.8724797  -127.83316083
   -296.31688516 -442.04273517]
  [  46.80794381  116.53190394   74.96077263  146.37773523  -22.91601324
    -34.30155999  106.32118464   36.43691633   -8.8572609   -69.46877175
    -45.02301457  -79.69655604 -204.44850985 -311.32517412   87.60670837
    146.54270381   18.17089871]
  [ -59.58690662  -72.87314123 -511.40144859 -987.91024389  -12.21262038
   -375.95151331 -864.44417633  168.5441886   397.91866223  449.76421521
    574.64690348  409.2243537   198.32471473  151.05396268  348.91020861
    203.74868819  321.85918063]]]