[[[ -1.73462383e+00  -7.93496118e+01  -1.62101941e+02  -2.98744211e+02
     7.16800249e+01   1.17268073e+02   2.82483461e+02  -1.49567060e+01
    -6.62210733e+00   1.39225536e+01  -1.11855735e+00   1.35631153e+02
     2.65801338e+02   1.23930406e+02  -1.17464343e+02  -2.20244004e+02
    -1.11149680e+02]
  [  3.68056627e+01   6.82065121e-01   3.18982267e+01   1.78660629e+02
     7.29292928e+01   5.86619765e+01   1.08071183e+02   3.16630408e+01
     5.45964377e+00  -6.32570552e+01  -3.17558923e+01   5.09334386e+01
     1.75355888e+01  -9.25502457e+01  -2.65138593e+01  -1.60521152e+02
    -2.19129803e+02]
  [ -5.46393876e+01  -3.51210881e+01  -6.06376124e+02  -9.69187273e+02
    -2.66607272e+01  -3.69938272e+02  -9.90132105e+02   1.51386718e+02
     3.62827542e+02   4.06108637e+02   4.67222225e+02   3.47694469e+02
     2.92372779e+02   3.46071132e+02   3.45345966e+02   2.89299615e+02
     3.49383441e+02]]]