[[[  -4.28545856  -88.04099129  -75.48048987 -140.7929327    75.35746645
    112.73304243  -24.35297204   -7.31218644   54.52534678   81.453083
     33.04767198  149.55568675  127.71418732   90.43548152  -47.50162122
   -144.98985521 -122.21002095]
  [  10.32207583  -79.31522967  -86.20546933  -15.036701     99.95919745
     69.31461416  170.52782029   18.303457      7.36708541  -59.53691126
    -27.22105803  107.35988263  209.94891706  131.19926208  -76.30318806
   -216.82822797 -239.45901285]
  [ -45.71012737    6.59824116 -490.42579928 -940.9272922   -24.58150864
   -523.51391464 -911.67171419  183.20984967  442.4310977   477.86484939
    589.41513158  390.00094682  156.84112427  -49.3844964   427.27246944
    271.8564288   414.76984568]]]