[[[  -34.93176985  -109.89973257  -192.95163515  -344.76997994
      49.99430212   112.72489072   176.73392243   -38.01497897
     -23.07729971    39.13192847    26.49376658    91.1684926
     270.93976431   421.71788269  -142.12527181  -246.2096334
     -90.73946886]
  [   43.97334407   -33.97492197   -35.11856418    72.9849822
     121.92181731    71.49543163   176.38864313    36.93195577
      -7.32708205   -73.77938628   -47.57393406    89.38281      148.78954094
       8.19418839   -78.14151416  -200.33066946  -302.74790924]
  [  -65.24606375   -44.43698071  -586.10476727 -1065.39067041
     -40.09994898  -411.63933238  -766.44072867   169.66779581
     424.77846161   469.51023299   583.4492175    407.52180637
     223.8635554    311.35627565   402.22168241   171.49186415
     164.35820648]]]