[[[   49.43657788   -33.17392448  -113.19233981  -260.9462478
     169.70624728   217.49020684   172.34244537    45.04708662
      94.18005902    96.72682147    65.71890117   212.17207681
     359.66595786   335.6097979    -64.40878678  -218.86451291
     -68.68167974]
  [   59.60063028    11.20371012   -13.41036226   135.07132271
     107.99758355    67.12617923   168.16820484    53.31156071
      18.83144162   -59.74143691   -27.76848032    80.72252165
      92.43350749   -46.48103657   -21.67581393  -173.98513878
    -257.02943386]
  [  -64.97698935   -69.6557449   -599.05321239 -1055.57985747
     -67.24810454  -380.03966794  -936.21627453   160.04682472
     355.95459383   438.12827039   500.93151806   335.1795206
     190.44552369   196.34689048   339.53216422   274.32877384
     372.0130577 ]]]