[[[   31.03382358   -47.92173486   -99.27666904  -134.806978      82.91776419
     146.06319233   190.96793886    60.42869986    58.23762578
      -9.38439938    46.94828107   159.87325457   177.82384462
      58.56454378   -34.51031842  -159.63589181  -254.27691434]
  [    1.75310265   100.40205465    53.75932723    91.78537289
     -96.89583295  -103.60304483   -41.31636365    31.19236832
      24.67253153   -18.43337579     9.12818879   -77.1255212
    -215.86731496  -247.27926272   134.50325399   192.42307279
      68.12384111]
  [  -56.47472753   -66.28553182  -570.19361152 -1075.89537553
     -65.81193192  -462.73323629  -939.63514933   169.85117267
     378.82423801   480.47057924   529.68185758   356.74620955
     170.88359094    93.2729274    358.01201928   151.50518367
     337.59684689]]]