[[[ -81.93149654 -140.12994906   40.56783865  196.51424774   -4.87202322
     77.91398481  218.69551019  -97.2598847   -63.49132812  -29.06858469
    -27.16423968   31.04367702  131.61828434   75.54273677 -164.42452953
   -222.13700679 -149.67720301]
  [ 111.5257333    52.38952303 -245.58830814 -263.5339719   170.66195584
   -159.64893033 -146.81523478  116.4843862    87.74264033   16.78665306
     53.77562287  150.66118514  150.61850655   33.12667884   34.4896851
   -121.8897153  -100.64316172]
  [ -77.67050214  -57.77047632 -335.28415172 -875.74268193  -21.5623587
   -342.2939891  -879.34849786  129.79114743  342.02857972  379.98358391
    443.40397105  319.57874459  159.69298735   60.17155326  324.75240294
    297.41332388  395.50795396]]]