[[[ -11.5965299   -93.06581185 -119.50351046 -148.10600004   70.38499922
     59.37287847  -74.55223821   -7.62920976   52.42852275   77.52544304
     29.88989605  148.16466373  168.99883178  175.73241124  -48.48037819
   -105.07610941 -116.18815511]
  [  18.46682506  -61.78421888  -61.87821594   19.97553453   98.71771466
     92.35640259  198.91647799   18.52175603   -1.29720424  -69.54949716
    -36.78678921   89.07254822  174.16822163   94.2302006   -75.1274387
   -216.12274949 -262.07006425]
  [ -41.97863615    6.96008403 -507.67001561 -921.52773231  -21.77056207
   -483.62377463 -918.30249292  182.13039636  431.43792503  469.00919466
    574.82622845  381.00580723  153.19345217  -44.52424628  442.33534101
    228.9486014   439.82473554]]]