[[[  -7.72198717 -122.3495293  -180.59614403 -126.09293913  125.91016952
    119.89820064  131.54625684    5.23682136   49.32855373   18.55711741
     43.63996181  201.38482182  344.9802899   209.4000608  -102.86611339
   -408.19982281 -280.53044868]
  [   6.53821736   47.78183606  -19.43419849  162.85791668  -34.70536784
    -84.9267217    94.45719758   43.32066584   32.95759711  -49.92972235
     -8.28822269    9.56800534   -5.20994761 -118.22428587   81.22018542
    -18.94102744 -140.39100243]
  [-117.91057495 -212.41996636 -705.41008425 -921.84639669 -218.03553469
   -714.52203789 -941.64354466  147.29244413  337.11925322  513.07609425
    543.24510645  302.3527026   -20.59572112 -217.42019182  380.57349049
    417.26102733  625.90371208]]]