[[[ -5.11336970e+00  -9.61789668e+01  -8.90055074e+01  -2.12857051e+02
     1.02592278e+02   1.43812553e+02   1.06793255e+02  -5.47416208e+00
     3.41988888e+01   3.54575950e+01   3.64743086e+01   1.48985294e+02
     3.04233338e+02   2.11837541e+02  -1.21680232e+02  -2.85889640e+02
    -1.76522803e+02]
  [  3.30350777e+01   7.55435388e-01  -4.14914175e+01   2.56336233e+01
     6.53146831e+01   2.22128460e+01   1.31747406e+02   4.82190108e+01
     3.99926388e+01  -3.92721528e+01   2.52692442e+00   7.82824703e+01
     7.69933529e+01  -4.28289190e+01   1.41966260e+01  -1.65286871e+02
    -2.29713221e+02]
  [ -7.34031391e+01  -9.91225747e+01  -5.07896136e+02  -1.11700696e+03
    -1.03513640e+02  -4.65817733e+02  -9.55041267e+02   1.48845341e+02
     3.11563730e+02   4.31888725e+02   4.56959446e+02   2.85269695e+02
     1.36946127e+02   1.32426126e+01   3.30009464e+02   3.91653783e+02
     5.43284871e+02]]]