[[[ -54.86746638 -126.25555344 -235.77328712 -406.05141054   62.39929238
     79.63370373  185.14573377  -51.9215904   -40.38525911   13.00752489
    -29.02358649   98.83859031  218.72931668  344.24660717 -151.50414712
   -267.65805197 -200.09806302]
  [  46.47169709  -10.75154214  -47.1926043    94.1836675   103.69491972
     39.22155311   94.72461891   29.87153959  -40.07887385 -111.13382878
    -92.98966106   44.3543138   140.44758192   33.21902208  -89.90742254
   -120.22303581 -232.86210716]
  [ -18.32459982   10.08600367 -367.57714919 -795.56621343   12.84958326
   -395.21177269 -905.80146875  199.24979665  426.10622145  466.04668972
    593.77061557  409.75574501  258.92732316  105.0712183   400.20801385
     87.78083834 -103.92893144]]]