[[[  3.81480998e+01  -5.40127317e+01  -9.46136352e+01  -8.24734027e+01
     1.62778466e+02   2.76288881e+02   2.07755660e+02   1.28838868e+01
    -1.45119627e+01  -1.24563885e+01  -1.71172719e+01   1.46613864e+02
     3.71324625e+02   3.22600313e+02  -1.74209502e+02  -3.94809775e+02
    -5.30331270e+02]
  [ -1.16692282e+01  -4.02965530e+01  -1.07760139e+02   5.75509194e+01
     1.69580697e+01  -6.67693098e+01   8.93586425e+01   3.29886551e+01
     1.85751475e+01  -7.69118430e+01  -4.05835071e+01   5.29771455e+01
     9.40787247e+01  -1.41628896e+00   2.54596047e+01   5.64696793e+01
    -8.87416270e+01]
  [ -9.01702707e+01  -1.85896689e+02  -7.25581968e+02  -9.51046616e+02
    -1.78457333e+02  -6.25150075e+02  -9.16688614e+02   1.87467613e+02
     4.24659953e+02   5.63191343e+02   5.85104677e+02   4.07335026e+02
     2.41932531e+02   7.75816422e-01   3.96660519e+02   1.39979498e+02
    -7.93193878e+00]]]