[[[ -31.51982504  -96.12121712 -209.39369635 -358.93675607   51.81719032
    193.74210422  275.35175584  -37.41965338  -11.76573294   59.92781904
     38.13341019   88.61701101  163.94186654  344.7237023  -120.82309502
   -194.78111742 -164.5054255 ]
  [  23.3084119   -63.72763868  -69.06441957   47.15572525  110.34444809
     38.60625204   74.04113008   30.65238129    1.21924416  -56.74019511
    -37.0340314   109.56284952  225.27181073  142.96035622  -85.54988886
   -203.73063401 -290.05300351]
  [ -39.8844235    -4.54747869 -436.65825257 -884.63981605   -4.80188882
   -461.98456128 -937.26584316  186.80982273  432.41654533  471.0999479
    574.64936767  383.58735126  194.16460636  134.87159335  440.27794608
    226.85790205  100.70964724]]]