[[[  10.80904786  -63.54239944  -36.27891382   -4.58065345   90.66951908
    -44.06412275   43.51830513   29.142864     -3.79865987  -57.87016964
    -16.07234772  129.44080024  161.99831335  137.46396447  -95.72220738
   -164.41061309 -134.62098474]
  [  21.70503025  136.65997355   92.56971362  150.32774044  -93.24992341
   -129.96531652  -87.30345812   24.48178567   -2.72574313  -51.63755009
    -30.39325198 -107.99218494 -210.70172046 -230.67581898  122.4013558
    240.54697805  162.25057575]
  [ -42.10170096   22.46520252 -500.9052179  -928.99718751   -8.86253898
   -503.33755929 -927.75761168  190.34447139  435.1363767   496.69738389
    612.89893629  411.01306468  189.79858683   93.75184849  443.55978282
    261.90280319  146.41580625]]]