[[[   41.80159651   -42.23124102   -37.77614583  -109.73959962
     155.41962658   156.76371705   205.88207931    38.57727281
      37.10338484     5.2341785     29.94759936   191.64156166
     270.27493276   201.28594252  -111.73471331  -293.55064494
    -290.64070315]
  [   26.92327435    64.28670124    43.52125431   155.31919047
     -10.44014326   -28.71490989    99.16860466    36.58058965
       5.14406804   -66.65183981   -25.92321829   -26.33438814
    -100.59984534  -197.22103395    59.719958      20.99220318
    -111.48080414]
  [  -60.44349116  -124.48532251  -661.10214556 -1144.41987963
     -95.2130859   -527.12332855  -968.74843073   174.93742646
     362.24402537   485.9748586    516.99675845   309.43612119
     108.57545484    61.70002444   345.54571737   247.91454808
     423.94620166]]]