[[[   9.07790224  -72.22343977  -76.2384473   -14.76985357   93.36553108
     37.00967529   50.77555181   23.629042     -8.17606904  -55.17824984
    -20.64523825  128.93648202  161.99088735  137.73662061 -105.13621915
   -173.42035763 -139.20512344]
  [  17.67119202  117.5121073    80.80944741  151.41362938  -82.1697299
   -108.63658419  -62.51112022   25.61594197   -0.93282285  -57.61404975
    -33.30759321  -92.44999831 -192.53606268 -213.71209574  110.08766607
    213.40229899  135.20572051]
  [ -30.39547729   26.18883494 -502.97420581 -927.51450811   24.75648722
   -501.73217965 -929.53198007  196.18478224  435.39843872  489.66153962
    610.95493383  412.93642629  224.81752081   97.52059155  415.66381442
    258.698571     97.77770797]]]