[[[ -5.84211861e+00  -1.16729517e+02  -1.14994721e+02  -1.95354205e+02
     7.66941537e+01   1.59163817e+02   2.82620563e+02  -2.33606792e+01
     1.53630877e+00   2.60143501e+00   6.20747087e-01   1.45006197e+02
     2.60416437e+02   1.68069567e+02  -1.43923865e+02  -2.76832441e+02
    -2.46293042e+02]
  [  1.17668897e+01  -1.22241329e+01  -3.60322945e+01   6.76425220e+01
     3.57578455e+01  -2.43207320e+01   2.35415644e+01   4.63277895e+01
     6.65970234e+01  -1.29164352e+01   3.59868077e+01   9.44866860e+01
     8.63011203e+01  -2.10579708e+01   4.30366712e+01  -1.69255502e+02
    -2.39742818e+02]
  [ -9.78282018e+01  -7.74923457e+01  -5.91777103e+02  -9.89219786e+02
    -7.55371258e+01  -4.32928078e+02  -9.83947070e+02   1.28487952e+02
     3.59433732e+02   4.30580298e+02   5.02837133e+02   3.06328863e+02
     1.63751322e+02   4.37993889e+01   3.84161048e+02   4.83604570e+02
     7.26107001e+02]]]