[[[  -4.78063114 -103.99894865 -151.59826611 -276.44390291   86.74497958
     96.89677726  340.18641035   -8.53775036   19.8286665    13.60767391
     52.34285982  132.88831813  273.43464091  133.15804227  -94.98133932
   -306.48974353 -201.96849429]
  [  26.40027454   35.96224822   12.05757294  146.6372654    16.83829075
    -19.74127063   63.29807273   43.05012365   31.56961997  -45.78592352
     -3.88142456   32.50412032   10.79383839 -103.02670887   43.13166976
    -92.16119258 -197.63749508]
  [ -78.9235282   -73.85480824 -576.95942297 -939.81065084  -71.45564635
   -415.89832956 -932.77070053  145.19629806  395.77840109  440.26442942
    508.49805968  368.13696295  114.72312114  -13.100249    387.52044562
    443.18579168  607.36498638]]]