[[[ -10.27293451 -111.2484947   -78.68653004  -12.96205321   60.63619777
     34.48996668    3.53571083   15.71525251   -6.25905722  -60.83919268
    -51.06311338  103.55009322  241.28188981   99.04619467 -106.02090487
   -176.29989939 -242.65844888]
  [  21.73948707  122.65203935   81.34066176  144.80607121  -79.17314512
   -123.34106387  -82.93294958   40.64959293   27.42574324  -40.59384998
    -10.63484784  -64.06891523 -210.61071703 -271.35137022  139.12873716
    258.15511039  150.90314046]
  [ -85.64929101  -62.13363528 -451.62829831 -942.61423374  -63.45124021
   -451.37358203 -983.2382256   161.65102115  445.06423736  487.60135763
    596.7881844   397.84521397  228.77929427  373.98157367  423.38284497
    236.36405204   79.59313913]]]