[[[  5.41351682e+01   4.80723601e-01  -3.92291630e+01   9.78094790e+01
     1.10351476e+02   8.95484222e+01   1.19030930e+02   5.62353656e+01
     4.30449666e+01  -4.91270164e+01  -3.13491589e+01   1.02027416e+02
     6.76724700e+01  -4.80274113e+01  -3.92356035e+01  -1.90698226e+02
    -2.81426320e+02]
  [  2.46277460e+01   1.38497602e+02   1.15659076e+02   1.78192221e+02
    -8.92421307e+01  -1.17634185e+02  -6.22194415e+01   2.95158000e+01
     1.11622224e+01  -2.80272069e+01  -8.62066972e+00  -1.01036989e+02
    -2.74354353e+02  -2.62943453e+02   1.32705053e+02   2.15107235e+02
     7.76269063e+01]
  [ -7.33255170e+01  -3.53802086e+01  -5.28774132e+02  -9.88124044e+02
    -3.42377386e+01  -4.91103716e+02  -9.24745229e+02   1.54516864e+02
     4.05562984e+02   4.47143366e+02   5.44635813e+02   3.61433115e+02
     2.00452692e+02   3.47573348e+02   3.86194996e+02   2.00866944e+02
     3.48455092e+02]]]