[[[ -3.48009910e+00  -7.09377096e+01  -1.77815946e+02  -2.75425880e+02
     9.44290742e+01   1.37416325e+02   2.18386909e+02  -7.97066375e+00
     1.37089178e+01   1.75217191e+01   1.81331919e+01   1.30150508e+02
     2.94733900e+02   1.95229401e+02  -1.38296494e+02  -2.90925852e+02
    -1.48786346e+02]
  [  3.79755251e+01   1.50209722e+01  -5.93622054e-01   1.26909218e+02
     6.09300818e+01   3.06145081e+01   1.26195700e+02   4.43216833e+01
     1.61977680e+01  -6.36882702e+01  -2.96655967e+01   5.10592109e+01
     1.29827838e+01  -1.09526479e+02  -1.00084082e+00  -1.13845626e+02
    -2.03318313e+02]
  [ -6.50108903e+01  -2.64946757e+01  -5.31299833e+02  -9.98962191e+02
    -5.23042031e+01  -4.66369564e+02  -9.97070282e+02   1.62308947e+02
     3.87519329e+02   4.47235387e+02   5.32703568e+02   3.95978919e+02
     2.68342639e+02   2.78075946e+02   3.69696982e+02   3.04215676e+02
     3.22425161e+02]]]