[[[ -35.83328073 -102.26044913 -239.64026517 -502.48922346   81.1005104
     89.90822232  -24.23475984  -19.83363144  -13.18616875   69.26340544
     36.4731243   130.63538979  359.72091238  423.91323134 -124.45828981
   -139.71699421   35.3606263 ]
  [  49.24208245  -38.99619292  -22.3625422   174.27054907  137.48043007
    144.32246108  284.63847821   24.87275548  -29.56153751  -80.39819525
    -61.05683376   79.42321944  127.34658597  -24.94327621 -115.51356812
   -289.62997895 -351.51549777]
  [ -84.28875086 -120.35734584 -555.27786634 -947.79187018 -118.37321571
   -504.18031242 -936.92207466  149.24663878  341.78784147  442.06703311
    527.34439464  328.8951092   269.82581593  458.44248327  318.30986646
     93.61209771  194.69280822]]]