[[[ -2.42553660e+01  -1.09508573e+02  -1.40250943e+02  -2.50487752e+02
     6.86596892e+01   7.99334055e+01   1.03148604e+02  -3.39381458e+01
     1.48205025e-01   4.17552608e+01  -2.37043173e+01   1.03184615e+02
     1.88805540e+02   2.82402421e+02  -1.35169160e+02  -1.23363293e+02
    -4.37984427e+01]
  [  2.19010808e+01  -6.59561543e+01  -6.13973959e+01   2.00188469e+01
     1.09758358e+02   7.52980163e+01   1.49420310e+02   2.86538577e+01
     2.58334065e+00  -5.35086906e+01  -2.43012649e+01   1.05160317e+02
     1.75349363e+02   6.87005878e+01  -8.60396191e+01  -2.14946243e+02
    -2.56051202e+02]
  [ -4.60181248e+01   9.60343859e+00  -5.04005335e+02  -9.69952132e+02
    -1.82126238e+01  -4.97329681e+02  -9.41105133e+02   1.85247980e+02
     4.33004094e+02   4.91736481e+02   6.14307655e+02   4.12697954e+02
     2.25765351e+02   2.20146785e+02   4.10449697e+02   2.16346497e+02
     1.40845655e+02]]]