[[[ -4.82346206e+01  -1.49483384e+02  -1.12945849e+02  -3.72037500e+01
     4.72734764e+01   2.28138479e+02   1.21700976e+02  -2.77904087e+01
     1.71899425e+01   3.63824085e+01   2.66855646e+01   2.01553996e+02
     1.77513956e+02   1.07933216e+02  -1.30107407e+02  -2.75184653e+02
    -2.51513186e+02]
  [  1.42635705e+02   1.25341590e+02  -3.16600009e+02  -2.09811251e+02
     1.59929781e+02  -2.58669148e+02  -9.98450541e+01   1.48293736e+02
     7.81513313e+01  -2.98416989e+01   1.97792014e+01   1.12203946e+02
     1.09966134e+02  -6.47460868e+00   6.44482370e+01   1.83525735e+01
    -6.42389582e+01]
  [ -1.50606093e+02  -2.25324760e+02  -2.31106515e+02  -4.87927833e+02
    -2.37492418e+02  -7.34282608e+02  -6.91601805e+02   1.18011771e+02
     3.71974973e+02   4.73589389e+02   5.27002652e+02   3.40958336e+02
    -7.00793261e+00  -1.73551238e+02   3.56682950e+02   1.62020035e+02
    -7.28583606e-01]]]