[[[ -3.81730833e+00  -8.54173641e+01  -7.61495222e+01  -7.67950303e+01
     9.15260716e+01   8.59780109e+01   9.39540205e+01  -9.94040806e-01
     2.77756512e+01   7.38853661e+00  -5.45102420e+00   1.32417996e+02
     2.43177423e+02   1.40645522e+02  -1.11828778e+02  -2.79716159e+02
    -1.80118260e+02]
  [  7.52272014e+03   7.53348116e+03   7.60695830e+03   7.78215681e+03
     7.51195914e+03   7.59277640e+03   7.73605353e+03   7.54838943e+03
     7.56385710e+03   7.50326122e+03   7.54585771e+03   7.56017619e+03
     7.45451734e+03   7.36385664e+03   7.57879536e+03   7.46243424e+03
     7.36834208e+03]
  [ -8.25586265e+01  -5.09308520e+01  -6.16577287e+02  -9.21695155e+02
    -5.25075570e+01  -6.24394721e+02  -9.93203822e+02   1.28088897e+02
     3.67867233e+02   4.15623600e+02   4.74896708e+02   3.21422454e+02
     2.01824037e+02   3.96269446e+02   3.57753250e+02   3.82188511e+02
     5.76243099e+02]]]