[[[  2.30420353e+01  -6.68741402e+01  -5.06896930e+01  -1.36726086e+02
     1.35263298e+02   2.59076928e+02   1.94203344e+02   1.88029869e-01
     9.27638086e+00   1.05138374e+01   7.85659677e+00   1.64313111e+02
     2.49788685e+02   1.89153610e+02  -1.44402931e+02  -3.17086890e+02
    -2.98948870e+02]
  [  2.32522908e+01  -1.46970438e+01  -9.28926884e+01   2.41380526e+00
     6.12016042e+01  -4.85558262e+01   4.35426234e+01   6.39404033e+01
     6.25372807e+01  -2.32612903e+01   2.65932294e+01   9.79690346e+01
     8.47693558e+01  -3.98291263e+01   4.44571830e+01  -7.36517784e+01
    -1.89459412e+02]
  [ -8.70950794e+01  -1.05059126e+02  -6.13511749e+02  -1.09531119e+03
    -1.02388199e+02  -4.33314555e+02  -9.40850281e+02   1.52262535e+02
     3.58320408e+02   4.77243061e+02   5.41696165e+02   3.33817886e+02
     1.04089971e+02   9.37124268e+01   3.40804676e+02   2.76610271e+02
     4.56783907e+02]]]