[[[  3.09900485e+01  -7.58597357e+01  -8.94100715e+01  -1.59321549e+02
     1.05865596e+02   2.38530269e+02   4.89729903e+02   1.68525664e+01
    -1.78694011e+01  -7.23045561e+01  -3.41806659e+01   1.28618976e+02
     1.98523435e+02   8.12136272e+01  -1.20448522e+02  -3.42488066e+02
    -4.02903795e+02]
  [  4.27500490e+01   1.18990789e+02   1.07362259e+02   1.94509134e+02
    -3.34907282e+01  -2.48295232e+01   1.71023480e+02   2.63301957e+01
    -2.55758768e+01  -7.93181930e+01  -6.17763931e+01  -1.02621998e+02
    -2.27144280e+02  -3.05707230e+02   7.77966420e+01   1.29068736e+02
    -9.06099626e-01]
  [ -6.68880378e+01  -5.29827276e+01  -5.71117157e+02  -1.04676144e+03
    -5.32206201e+01  -4.26983616e+02  -7.79250944e+02   1.64097586e+02
     3.94433915e+02   4.50951081e+02   5.74183431e+02   3.71930511e+02
     1.48290168e+02   5.95963873e+01   3.80469426e+02   3.23699034e+02
     4.62748683e+02]]]