[[[-111.90354737 -146.3122832    19.27904009  160.16903737  -23.68466528
    259.04649249  262.605697   -115.76301719  -63.12940499   15.75566632
    -17.45108756   -5.720257     86.99403808  128.91158761 -121.79406381
    -83.13934148   65.87739996]
  [ 109.66604737    6.67474024 -251.06794695 -239.36636226  212.6574934
    -17.60080805  -83.88529557  110.51447885   56.23637332    6.26966252
     27.84206849  167.8025995   221.43699694   89.69994744  -47.87309513
   -143.26728531 -116.26978574]
  [ -58.57160793  -72.58375721 -179.19224151 -849.88461027  -71.70765362
   -154.93960934 -642.4294397   135.03049885  310.80366858  370.05417713
    436.18469591  291.15988868   80.65487598  -26.52036401  263.0734615
     18.92875384  -63.32613708]]]