[[[  -16.20533793  -132.84028999  -179.09974324  -157.76324941
      96.1955991    145.8975862    252.48799593   -20.44627134
     -26.75451406   -17.19286791     8.4421622    148.39308051
     324.17410786   157.26547886  -167.34721226  -375.1433063
    -251.67094473]
  [   13.94024674    33.30578712     7.0078406    175.41929757
      -5.42529847   -43.73842966    97.38150993    43.30123693
      38.70337469   -46.92643833    -4.24034694    29.40304303
     -15.23803784  -122.57544737    63.39086837   -78.98391103
    -184.72529535]
  [ -108.28190965  -156.52441548  -707.95331363 -1020.32711003  -155.260484
    -587.56104097  -998.42391719   149.29576336   368.30195198
     491.84705407   543.74494857   306.18509139   128.891506     -28.74115348
     398.66160244   467.80592191   612.03651902]]]