[[[   28.93382033   -76.02847187   -79.83822104  -191.35582403
     129.26275604   199.3824265    190.78556384    33.45172335
      44.96159623     3.13349906    39.48439557   165.06372841
     244.50428294   273.5378342   -102.54933919  -233.51887302
    -412.90629085]
  [   32.25383667    61.49800347    -3.21097365    49.35602943
       3.00968386   -42.38867654    52.39580335    41.72031508
      -4.84282463   -83.16544692   -51.79041682   -28.92390027
     -46.77432342  -156.73296178    49.16570311   102.41681035
      -5.84061466]
  [  -30.88480764   -58.54862636  -472.83931258 -1013.82808669
     -32.4288775   -434.28782614  -902.8411145    199.1219502    389.4834632
     493.1723992    570.14527109   364.68744128   152.33003628
     -99.21766666   399.0596278    211.07394572   119.0496587 ]]]