[[[   49.04252492   -49.58084984   -91.74995706  -163.67089127
     154.16296374   221.61527811   221.30678382    49.48633021
      30.70506406   -13.75596551    19.74154542   184.30508448
     224.47923248   239.54150659   -80.64451077  -251.56987618
    -437.33458987]
  [   42.54938653   101.65741687    27.65439192    94.75915251
     -16.55861016   -68.9061436     29.57488499    48.61616137
      -2.89553673   -76.46726375   -46.26348853   -59.09223239
    -131.01988241  -245.85054967    80.58007882   135.94057497
      20.88498769]
  [  -49.64903762   -66.57235827  -541.56206844 -1022.98361196
     -67.19433051  -441.52512802  -922.74439222   193.40310463
     391.6515423    505.53654121   604.564591     366.04691082
     120.71380653   -57.17098416   401.01127731   214.45911939
     205.79801205]]]