[[[  1.04041926e+01  -9.26376519e+01  -1.36048949e+02  -2.17057980e+02
     1.10454148e+02   1.48059206e+02   2.37090131e+02   7.87317162e+00
    -1.43196621e+01  -1.28608099e+01  -1.61743465e+01   1.40162839e+02
     2.62171021e+02   1.48994537e+02  -1.32347836e+02  -2.50916788e+02
    -1.87428668e+02]
  [  3.74614741e+01   4.91047696e+01  -1.42811427e+01   1.14303438e+02
     2.58181695e+01  -3.21118757e+01   7.62622001e+01   6.06552534e+01
     4.37521841e+01  -3.61923604e+01   1.21353583e+01   3.51999687e+01
    -8.73568363e+01  -2.05114563e+02   6.44063162e+01   4.97494706e-01
    -1.44879274e+02]
  [ -8.18624619e+01  -5.41396277e+01  -5.62837881e+02  -9.64453550e+02
    -5.11055103e+01  -4.59476383e+02  -9.53652220e+02   1.49804698e+02
     3.99782481e+02   4.62375072e+02   5.79443527e+02   3.82553035e+02
     2.43540225e+02   4.16470808e+02   3.76487833e+02   1.61722364e+02
     2.77697326e+02]]]