[[[  2.80781872e+01  -6.23571522e+01  -6.34469447e+01  -7.49652580e+01
     1.17648049e+02  -2.59881362e+01  -6.10661250e+00   3.36789727e+00
     4.41904765e+00   1.73662623e+01  -3.15885374e+01   1.45030347e+02
     2.62112197e+02   1.76953317e+02  -1.08259953e+02  -2.15164455e+02
    -1.18287380e+02]
  [ -7.76525294e+04  -7.76936870e+04  -7.76322561e+04  -7.75739229e+04
    -7.76113719e+04  -7.75274939e+04  -7.74038458e+04  -7.76108409e+04
    -7.75574841e+04  -7.76229241e+04  -7.75732137e+04  -7.75155581e+04
    -7.75072975e+04  -7.76008927e+04  -7.76044605e+04  -7.78303902e+04
    -7.78465496e+04]
  [ -7.99880258e+01  -4.93692824e+01  -6.10334472e+02  -9.67896815e+02
    -5.06924400e+01  -6.18159794e+02  -9.70361046e+02   1.37276717e+02
     3.65457294e+02   4.45365756e+02   5.08062957e+02   3.40185884e+02
     1.98653876e+02   7.25965559e+01   3.87915173e+02   5.31113928e+02
     6.65708790e+02]]]