[[[ -2.43927588e+01  -9.22278732e+01  -1.60853071e+02  -2.32364962e+02
     4.70738753e+01   9.89871297e+01   1.24761201e+02  -4.01639168e+01
    -2.54519047e+01   3.07445419e+01  -4.78305513e+01   7.65876588e+01
     2.07926185e+02   3.05969627e+02  -1.29674777e+02  -1.46557393e+02
    -2.63451448e+01]
  [  1.61555270e+01  -7.53616895e+01  -5.74754471e+01   8.27559748e+00
     1.07672918e+02   8.01516478e+01   1.54710734e+02   2.84358798e+01
     7.31440928e+00  -4.04784454e+01  -1.44373930e+01   1.11537104e+02
     1.62586132e+02   5.00003566e+01  -8.63489603e+01  -2.15579042e+02
    -2.48177193e+02]
  [ -4.70205437e+01  -1.97279475e+00  -5.20668703e+02  -9.84250703e+02
    -7.51518070e-01  -5.07296148e+02  -8.78399573e+02   1.78129065e+02
     4.18951492e+02   4.79323481e+02   5.99993245e+02   4.00408789e+02
     2.24477451e+02   3.40119163e+02   3.96158379e+02   2.35646361e+02
     3.81994590e+01]]]