[[[  29.52071476 -103.10539142 -154.84048566  -55.75701636  164.9684206
    210.48955365  107.45416098   12.88055295   -8.8009662    -2.24192326
     -8.3439345   153.27453759  376.08744618  361.35624259 -166.92910612
   -314.51339037 -299.15337282]
  [ 116.04972843  101.43905057 -386.91874251 -304.27904829  130.66038549
   -364.08621187 -347.31075829  182.19904895  162.35232074   54.65093081
    117.47173113  179.15045698   99.92536662  -45.81382132  166.09094741
    156.96626746  -18.54765233]
  [-201.95001999 -278.24585603 -561.33082897 -607.46797357 -267.24055523
   -162.79087959 -445.51924848   59.47613459  316.81689538  438.54531386
    514.55317334  299.34168942   64.06772541  266.10758264  239.76135013
    -28.03131809 -205.13057441]]]