[[[   5.48432186  -88.43492887  -38.18722554  -14.36270557  113.16653292
     59.76800826  110.94159812    6.03759731  -12.62633698  -47.03083938
    -57.37218668  110.69967527  274.70830587  214.26032401 -165.97133466
   -256.53565473 -250.05407143]
  [   8.3843103    55.32369767   39.87158643  170.52383105  -38.55502379
    -66.07877243   42.37987788   31.49150998   19.1939618   -51.32452682
     -3.75845612  -14.26835901  -82.30161394 -181.22806238   76.6584253
     63.89728171  -64.73014263]
  [ -77.21871673  -44.17728133 -550.71857545 -957.89432378  -43.62671091
   -547.18545753 -957.66465516  162.85841846  430.58070527  492.17132719
    615.22453758  412.8150113   224.01752587  262.00746398  407.24067078
    178.26248543  344.52604359]]]