[[[   40.83697022   -42.92403354   -37.20804245  -111.23165848
     156.67045644   160.09931087   209.34916014    37.94042877
      37.11410991     5.94296741    30.28013545   193.74442662
     274.95501375   205.62847009  -113.57197506  -297.96975106
    -295.48715182]
  [   19.32419197    55.20556428    46.02994615   167.56391895
     -16.55717497   -24.94394053   107.98024026    31.799352       5.64866733
     -66.2988578    -24.83088383   -25.23013742  -105.20811711
    -199.34264503    58.72699215    21.36477314  -107.6767321 ]
  [  -63.97224779  -115.4109577   -692.44367262 -1148.24800811
    -114.73623893  -543.28789085  -977.87947451   175.38651926
     350.44233255   493.62002017   537.08900778   326.80331188
     128.10396149    82.02021265   333.44072976   264.96360683
     407.24358647]]]