[[[   7.42481131  -77.54677494  -81.96499503  -22.69844025   88.12216586
     70.05657556   47.31579661   25.49041463  -13.66549852  -61.43296805
    -27.93457051  124.32859516  156.10492679  130.16173773 -109.19229546
   -137.83930327 -145.24791973]
  [  14.35378997  119.65882562   83.45264101  149.4393828   -90.95123976
   -110.77711416  -63.02386717   23.61441915    1.73363622  -53.96966813
    -29.81081056  -97.76138035 -213.19114278 -238.66912331  119.6260043
    235.40132016  160.95316574]
  [ -39.56602317   24.84493653 -509.9007112  -940.93289278   -4.39696126
   -508.04321489 -943.13547449  194.00261583  443.70852486  497.50040598
    623.08524668  422.04758038  233.91714873  151.46273675  422.82743155
    230.32546114   98.5286199 ]]]