[[[   24.07338436   -72.02357377   -45.47388364     4.74766455
     114.4905659    157.66925104   143.01606025    14.28825041
      17.75050016    36.59681707    22.18076786   189.39564359
     331.87910012   318.97751344  -155.69346283  -288.66030198
    -276.26227118]
  [   55.43822235    14.64356252  -108.19744421   -83.81530076
      96.23292105   -25.52555343    53.21729377    73.25372655
      31.07164152   -54.56321293   -14.99725183    82.10086396
      96.39269214   -13.47373907    10.47597753   -21.8474773
    -123.67364583]
  [  -58.32385257   -78.46839197  -434.42186865 -1042.19892547
     -43.39376178  -424.7102705   -923.52860176   179.019734     382.47064874
     485.66081192   548.89817301   394.41154097   189.28529539
     145.46483204   358.33214259   177.70724301    39.42428304]]]