[[[  34.57569472  -61.56181458 -169.03539081 -235.83295837  121.28522167
    152.87267038  302.22603817   46.98079393    7.48359948  -35.20730174
     -2.95174513  116.61726279  130.08454223   40.57345723  -95.89044234
   -175.44970644 -130.42073429]
  [  32.46152126  112.86009237   13.92975509   61.6772625   -47.93710034
    -80.41629832   20.0093526    51.1488929    38.06312679  -24.95522244
     16.04523454  -48.12349396 -228.70806775 -243.21062807  132.31385149
    164.00843132   16.54939169]
  [ -97.47648982 -102.11659828 -495.04907506 -974.41995621  -72.15109793
   -438.20186441 -957.67637115  141.33143214  409.38773565  460.30925296
    560.21828267  391.89705051  224.22742312  430.94715764  385.90427378
    142.63042317  296.69116736]]]