[[[  6.67574893e+00  -7.89517956e+01  -7.81854744e+01  -1.96157988e+01
     9.36297697e+01   7.72267158e+01   5.28326206e+01   2.07267387e+01
    -1.12084224e+01  -5.02969181e+01  -2.25133501e+01   1.29360186e+02
     1.60603606e+02   1.34622752e+02  -1.11785572e+02  -1.81779820e+02
    -1.44235417e+02]
  [  1.71570161e+01   1.07696391e+02   7.84446752e+01   1.58652386e+02
    -7.33823865e+01  -9.15667949e+01  -4.10548555e+01   2.63718518e+01
     3.03988305e-01  -6.23680743e+01  -3.53717410e+01  -8.21871244e+01
    -1.89777512e+02  -2.14897544e+02   1.02571642e+02   1.95881555e+02
     1.11305767e+02]
  [ -3.41041976e+01   2.07000780e+01  -5.15432736e+02  -9.42875814e+02
     1.94329711e+01  -5.13323479e+02  -9.45302287e+02   1.93146217e+02
     4.32738854e+02   4.86768791e+02   6.09040148e+02   4.11084089e+02
     2.27503304e+02   1.82287130e+02   4.12908133e+02   2.54246955e+02
     9.37335124e+01]]]