[[[ -7.31364376e+00  -9.81781194e+01  -6.28657402e+01  -2.01294184e+01
     6.40799861e+01   4.75578443e+01   1.99582948e+01   2.87094520e+01
     9.93984177e+00  -3.71265989e+01   2.54067578e-01   1.13696986e+02
     1.67219578e+02   5.80717836e+01  -8.55912379e+01  -1.13640990e+02
    -1.20502294e+02]
  [  1.31948831e+01   1.18913845e+02   8.40892227e+01   1.44801619e+02
    -9.25240192e+01  -9.70324873e+01  -6.98584542e+01   2.31496228e+01
     1.21450439e+01  -4.83357833e+01  -1.88883524e+01  -8.69538572e+01
    -2.26954884e+02  -2.43410824e+02   1.26572795e+02   2.38519590e+02
     1.35176737e+02]
  [ -5.43201655e+01  -6.65983845e+01  -4.39012666e+02  -9.42754435e+02
    -7.14048631e+01  -6.13272354e+02  -1.09880454e+03   1.75557152e+02
     3.79598929e+02   4.84456079e+02   5.30740974e+02   3.58219434e+02
     1.81411576e+02   3.36781002e+02   3.87025472e+02   1.65823709e+02
     8.16726408e+01]]]