[[[  8.02008091e+00  -7.67027642e+01  -8.16467457e+01  -2.26405942e+01
     8.77260101e+01   6.95951208e+01   4.70731777e+01   2.54323356e+01
    -1.38460923e+01  -6.33040986e+01  -2.86501609e+01   1.23161584e+02
     1.55962899e+02   1.30627815e+02  -1.08669260e+02  -1.37102806e+02
    -1.44888183e+02]
  [  1.44850609e+01   1.20318069e+02   8.40029532e+01   1.47793908e+02
    -9.13479187e+01  -1.11270894e+02  -6.44343882e+01   2.33549046e+01
    -2.11740970e-01  -5.42743196e+01  -3.11403771e+01  -1.00255380e+02
    -2.08670896e+02  -2.33774335e+02   1.18469398e+02   2.34628144e+02
     1.62878097e+02]
  [ -3.63895733e+01   2.83203275e+01  -5.04145821e+02  -9.33449530e+02
    -8.54037818e-01  -5.02417446e+02  -9.35856544e+02   1.96492916e+02
     4.45573535e+02   4.98513890e+02   6.24371791e+02   4.23496562e+02
     2.32640666e+02   1.05241596e+02   4.24847804e+02   2.33160881e+02
     1.00788950e+02]]]