[[[ -1.77505215e+01  -1.52614728e+02  -1.15415726e+02   1.81737099e+01
     1.24352598e+02   1.98002899e+02   1.06789008e+02  -1.24958982e+01
     1.15089867e+01   7.91688723e+00   1.94567975e+01   1.78045412e+02
     2.38359583e+02   2.76453550e+02  -2.08193522e+02  -3.20792434e+02
    -3.64579141e+02]
  [  7.29829330e+01   5.96229454e+01  -4.46803827e+02  -4.74294968e+02
     8.63429256e+01  -4.09324780e+02  -4.07877620e+02   1.98047267e+02
     2.21302266e+02   1.19391429e+02   1.99031091e+02   2.38017687e+02
     1.36995291e+02  -5.01574277e-01   2.07929144e+02   1.78913692e+02
     1.98247884e+01]
  [ -2.71701542e+02  -3.58989554e+02  -1.50174204e+02  -4.15469165e+02
    -3.62391038e+02  -4.76606703e+02  -5.38760518e+02   1.19706358e+01
     2.94307309e+02   4.48925209e+02   5.20114203e+02   2.70027573e+02
     5.53435954e+01   2.99403044e+02   2.70562943e+02  -1.01778676e+01
    -1.42687784e+02]]]