[[[   5.81236263  -73.65268608  -78.95857343  -18.12693103   87.56291779
     32.22336485   46.78895938   23.11532619  -10.70751026  -59.38446404
    -24.25872836  124.30430257  157.7690676   133.89723162 -104.29998653
   -133.26659865 -139.27482946]
  [  13.40412454  117.81497971   80.0668838   144.57195815  -91.00673363
   -112.55843631  -71.03379053   22.31558645   -1.24054259  -54.31846744
    -32.21811388  -98.1281083  -199.46668004 -223.78344125  115.3025219
    235.15950208  165.8828954 ]
  [ -30.25469547   26.13177269 -503.18378885 -927.82466939   24.95120638
   -501.76574018 -929.82755847  196.36733896  435.89886446  490.25799339
    611.51964247  413.58445824  225.14699322   97.20605119  416.12536811
    258.20666067   96.43048971]]]