[[[  -28.22018753  -126.4181621   -148.56191999  -139.01691389
      78.00161464    72.61219596   127.60311665   -16.73804239
       9.40321171   -17.13175161   -32.36837458   166.89744723
     293.15315604   190.69440575  -151.86026107  -343.60537113
    -284.11297897]
  [    6.3776044     40.15816369    58.26390013   210.26215827
     -27.40290416    19.60776432   164.96240095    15.17962195
      -3.21691743   -74.94390987   -41.51629847   -17.95672024
     -53.11426515  -142.12256041    37.11990454   -37.41523832
    -132.33083014]
  [  -57.43043278   -99.43507251  -543.9073685   -950.64452907
    -106.33842962  -745.81901666 -1129.12115      169.70982196
     331.39773252   463.07338527   487.40948448   275.21190582
     142.66913176    14.69897198   321.65363821   372.5154942
     495.62755419]]]