[[[  5.53327698e+00  -8.70646588e+01  -2.93306003e+01   1.01997177e+02
     9.14044985e+01   1.49967470e+02   3.15507079e+01  -1.00352240e+01
    -3.24148684e-02   1.12956934e+01   1.92107081e+00   1.32474730e+02
     1.50501843e+02   1.48709707e+02  -1.33858091e+02  -1.55346978e+02
    -1.16983172e+02]
  [  2.17637910e+01   8.19339341e+00  -4.02593673e+02  -5.50931030e+02
     3.53342311e+01  -3.78758953e+02  -5.49428786e+02   1.98952930e+02
     2.58838371e+02   1.80965303e+02   2.69632255e+02   2.62561470e+02
     2.06167305e+02   7.14850071e+01   2.26746850e+02   1.33324525e+02
     2.60892676e+01]
  [ -2.85437314e+02  -3.58763787e+02   3.23062762e+00  -2.30635965e+02
    -3.63910792e+02  -1.98485139e+01  -2.37700029e+02  -5.25054420e+01
     2.25148546e+02   3.50483956e+02   4.50643095e+02   1.99803646e+02
    -1.57524427e+02  -2.81758267e+01   2.08398462e+02  -2.33202494e+01
     4.03785493e+01]]]