[[[ -3.91843712e+00  -9.82116534e+01  -4.42010099e+01  -1.05447173e+02
     8.03739101e+01   7.66971903e+01  -3.39016602e+01  -1.17302691e+01
     9.69708378e+00   5.86639926e+01   2.25428639e+01   1.15272119e+02
     2.44861808e+02   2.49872965e+02  -1.02325041e+02  -2.18834814e+02
    -1.96396588e+02]
  [  1.04823772e+01  -7.70191728e+01  -9.54980088e+01  -1.25645459e+01
     9.79840541e+01   8.29798453e+01   1.93556503e+02   2.41922061e+01
     3.32760754e-01  -5.49174765e+01  -2.40144477e+01   9.80163068e+01
     1.41800427e+02   4.09513712e+01  -7.25621937e+01  -1.42517045e+02
    -1.98839782e+02]
  [ -5.99508469e+01  -2.21552632e+01  -5.40461801e+02  -9.48040306e+02
    -2.15839806e+01  -5.42631920e+02  -9.44406842e+02   1.75800808e+02
     4.36756909e+02   4.86625142e+02   5.91426709e+02   4.17944455e+02
     2.44578265e+02   4.04577700e+02   4.15223424e+02   2.19732348e+02
     5.27755562e+01]]]