[[[ -2.68088907e+01  -1.22743438e+02  -2.61692189e+02  -4.29378189e+02
     9.71051253e+01   1.56781256e+02   1.38301073e+02  -1.45719303e+01
     1.95285811e+01   6.02108118e+01   3.51602379e+01   1.48020164e+02
     3.78217789e+02   3.92112637e+02  -1.51170606e+02  -2.40513904e+02
    -1.59728539e+02]
  [  5.25566491e+01   2.14135140e-01  -3.83862545e+01   1.41281496e+02
     1.04899267e+02   6.48852559e+01   2.30580711e+02   4.35415859e+01
    -6.52749878e+00  -8.43167528e+01  -5.48099942e+01   7.04159619e+01
     6.36416017e+01  -9.38468149e+01  -5.74073273e+01  -1.64586789e+02
    -2.69229490e+02]
  [ -7.91240576e+01  -5.88422739e+01  -5.54628020e+02  -9.34807014e+02
    -6.13254465e+01  -5.42005278e+02  -8.23323786e+02   1.67554311e+02
     4.04870475e+02   4.80036841e+02   6.39085480e+02   3.85419170e+02
     2.30534878e+02   4.11163879e+02   4.16843634e+02   2.02677491e+02
     6.14085394e+01]]]