[[[ -20.01179556  -95.30719647 -211.80842439 -379.00018644   95.18567391
    202.20530548  192.66971469  -38.43135043  -25.25459721   30.40329886
    -47.06359663   51.65602288  263.10954167  362.63271576 -136.72331014
   -156.31858835 -115.98307476]
  [  34.53408025  -56.66089308  -79.97419394   92.18649727  125.72916241
     44.21297237  114.36858096   43.07418918   -4.45582596  -63.84807595
    -36.37840377  107.84983498  174.9204691    59.65433502  -94.66346229
   -191.33969732 -277.26860141]
  [ -85.1616015   -92.6064113  -506.30791925 -894.67516644  -59.43381079
   -453.58599861 -897.73817122  173.76912371  450.35845402  520.58580804
    670.44505205  463.96852829  287.16878742  363.21012277  419.42592766
     96.81364115  -85.94238095]]]