[[[   5.6623107   -75.45793972  -80.86726566  -18.76507844   89.40183038
     32.38862672   47.10157584   24.91788379  -10.08087935  -57.57007758
    -23.28526003  127.77000887  160.1998967   135.07285892 -105.78434152
   -136.1015873  -141.59244541]
  [  14.72714668  120.21536702   78.81542377  145.54644928  -90.76109038
   -116.92445186  -68.47562426   23.90170948    1.53476913  -54.44233397
    -30.30788847  -96.65635027 -207.97916414 -232.9449408   119.25222163
    239.17830921  164.85930544]
  [ -42.10070535   21.97994408 -512.06374489 -943.80236653   -7.48578697
   -511.25692696 -945.40002486  192.4498607   441.72308734  498.14276768
    621.04637986  419.41239434  231.83874128  147.99581369  421.54318893
    261.40865205   98.75009059]]]