[[[ -1.17252408e+01  -8.97092176e+01  -7.62123617e+01  -1.11714867e+02
     6.17028408e+01   9.23494199e+01   1.42653531e+02   3.10195969e+00
    -1.20351648e+01  -9.06918770e+00   2.10495598e+01   1.31397389e+02
     2.59256890e+02   2.34170845e+02  -1.19167848e+02  -3.04727292e+02
    -2.29015309e+02]
  [  4.27781267e+04   4.28038138e+04   4.28542393e+04   4.29575316e+04
     4.27524395e+04   4.27979725e+04   4.29048083e+04   4.28239882e+04
     4.28644401e+04   4.27981333e+04   4.28481221e+04   4.28384442e+04
     4.26457746e+04   4.25851019e+04   4.28942948e+04   4.28644982e+04
     4.27637831e+04]
  [ -9.67452074e+01  -7.01438881e+01  -6.06104794e+02  -1.07962018e+03
    -6.89369825e+01  -5.66362146e+02  -9.79321296e+02   1.29892165e+02
     3.61801729e+02   4.44480270e+02   5.25191171e+02   3.51820108e+02
     4.69928292e+02   6.34472150e+02   3.39820597e+02   2.46539517e+02
     2.53610928e+02]]]