[[[   12.30246165   -78.65018483   -84.75324814    -8.68801689
      56.31669234   128.60161099   201.39531864    37.77356668
      27.21760986   -32.50258186    18.47845749   136.66026645
     151.98943913    24.51810798   -70.8954465   -156.26618399
    -354.61243942]
  [   11.59877652   112.88113305    88.58535687   167.07400763
     -89.68353971   -88.45920688   -21.11571359    27.73392026    15.18755
     -38.24987378    -9.05888123   -82.8688683   -235.11873197
    -305.84344734   125.96181987   215.35077075   102.92175606]
  [  -64.01199783   -85.75910439  -468.89892262  -939.5376676
     -86.81408502  -519.65297054 -1045.74085309   169.02417953
     385.80508164   488.36999422   546.53575714   363.4805111
     133.99338092   257.57846894   364.44403781   129.11095743
     161.66499233]]]