[[[ -14.1893041  -133.0305645  -131.08286523  -25.68795096   95.77595539
     82.25211099  -53.80912676   -7.47332444   15.18621599    5.82111777
     14.16511741  151.66741465  228.8930118   219.4446604  -124.53872083
   -263.88601763 -203.67707262]
  [  12.23657335   20.18774266 -388.50672197 -568.58988124    4.28542833
   -405.79087959 -568.48183167  192.10625646  263.04636471  185.62521552
    266.93172252  249.17017644  216.82755636   81.319917    255.43608471
    143.1402741    41.05600233]
  [-290.7292516  -367.84224589   28.46613087 -211.97275057 -373.98587976
     -5.37993548 -229.17869654  -66.91750815  213.35967148  314.34509178
    355.6009262   146.2210658   -78.81673516 -194.59084319  199.91836633
     40.98250329  240.08137469]]]