[[[ -19.62798614  -77.1954863    65.17738681  279.26244489   30.60877198
    -79.79820787 -161.54608975  -29.47199575  -87.04033853 -161.0786745
   -176.39647015   16.25691329  145.12753541  216.21839735 -170.67485682
   -104.58916269 -163.56230169]
  [  12.13913022  122.51587538  131.9327075   188.6076546   -98.23756997
   -123.69065807 -125.74025931   17.94264614   13.24584073  -32.77733956
    -12.6235038   -87.67224321 -178.37150276 -260.0926057   126.76855297
    237.19554991  224.85681234]
  [  -5.74954753   11.52669234 -469.61384253 -770.55350875   48.23872083
   -454.49351723 -815.76525022  207.78946802  446.63819085  471.54274893
    567.29595752  467.09437076  243.55431863   65.78499825  420.80929733
     84.23005544 -147.12961572]]]