[[[ -13.31478811  -73.27960272  -98.81560498 -235.10081007   77.11738318
    140.0358612   256.46038676  -39.64342119  -41.55790515   12.70795522
    -34.71454627   98.81550073  185.55969059  232.91553679 -151.93454454
   -214.39254661 -141.1087989 ]
  [  27.60278071  -57.14745612  -95.35862586  -20.6501761   112.35290022
     19.8990566    47.10624834   45.75034139   18.48337807  -44.9807053
    -13.21452842  118.31839669  208.69028584  100.66122105  -60.3533118
   -175.91916612 -243.64494564]
  [ -70.04415947  -46.54445996 -375.89647889 -929.18198114  -43.30075525
   -430.77111006 -984.12128116  161.14765529  403.10693204  471.9182828
    581.58717272  413.74326736  264.63171915  197.03841168  377.71069885
    124.93571417  226.26929611]]]