[[[  -1.15161105  -61.06333071  -59.96446341    1.36169671   60.16013619
     41.70380436   18.4739317    27.91941339    5.99681111  -45.84342064
     -5.90658675  105.22489838  156.03777526   52.03000922  -83.7463577
   -110.50854163 -119.79978272]
  [   7.08863707  115.36714192   87.89038661  151.84051679 -101.18999774
   -109.22487547  -78.4551105    20.97542375   16.61133098  -37.72033753
    -12.71762214  -87.88520926 -244.64184536 -252.63852486  133.15592665
    247.37492306  150.7053386 ]
  [ -56.7993719   -11.3167905  -539.2995935  -960.96453833  -11.63464758
   -535.59700296 -963.24660418  172.10375667  427.01976321  476.48448897
    574.71558907  408.41185145  245.00556624  396.78513919  405.96831343
    221.71006416  110.36882219]]]