[[[  -6.96423169  -74.1381466    21.75371253   60.71737745   68.67593483
    -37.45612006   12.28141259    3.77516781  -43.87341772  -76.98400691
    -57.29321336  110.76150862  290.81889938  281.1086463  -150.34780182
   -236.72754584 -246.28124626]
  [  -1.75343504   93.33460489   96.10075638  182.03982003  -96.84132778
   -121.53876457  -93.67237375   17.0796807    11.92433977  -39.8340603
     -5.39008876  -65.23907669 -134.83955831 -203.29366013  113.49685472
    178.81465297   94.31936788]
  [ -60.20422675  -19.81410983 -525.44877662 -943.56132112  -21.34531933
   -519.58292403 -945.37007811  172.37721086  420.65941155  485.01888377
    611.44087821  404.2853794   283.94279115  112.6931272   397.97331157
    177.16624953  332.76849107]]]