[[[   1.23413674  -78.020869    -59.76236639  -35.78005072   88.33960323
     90.94817106   34.60787388  -24.21170289  -16.28711294   45.42486728
     -4.37557282  113.3302198   146.2137612   153.43367315 -120.23755259
   -187.35292578 -125.0568521 ]
  [   6.23694995  -92.31840077 -108.37062445  -69.15252411  104.79231405
     72.65012272  139.47544123   23.95210009   10.09206145  -46.0421559
    -19.94433672  119.05829746  220.76746106  141.96389326  -83.27767128
   -192.34386388 -219.69951285]
  [ -32.36720315   24.27704909 -500.99032643 -930.21699181   25.14317906
   -503.89412408 -927.32394994  193.48138709  435.89502564  493.17530414
    612.22122278  414.62033362  225.75540848   94.50304293  414.53174008
    257.34156925  101.55270835]]]