[[[ -66.08158489 -145.1839798   -90.5488095   -20.14626186   -7.37300184
     43.92101536  243.35640203  -73.63102096  -93.64442813 -159.51255396
   -180.9171044   -15.88663785  155.8018508   284.43073187 -193.95603815
   -256.63546414 -339.82465268]
  [   7.59602214   85.16443256  141.63351261  253.6282326   -69.97230332
     -3.13623656  129.87258836   -8.94274458  -46.37906037  -98.56119713
    -83.6417645  -100.87705778 -116.72715087 -222.96472655   48.02630688
    186.30150815  162.20208332]
  [  -1.96021953  -20.67649757 -434.53490764 -871.96961695    5.60035787
   -614.48764062 -909.64003787  207.74010092  419.37162284  461.56516099
    503.76352791  402.63510087  211.22544401   18.16435936  400.76367754
    189.9423517    60.11045581]]]