[[[  -26.45521057  -108.13738691  -182.0233124   -305.45463329
      76.63429556    79.89091963     1.45380039   -19.34274326
      16.94024422    75.44254724    33.20070047   123.8111805
     256.43657813   403.05507497   -96.62783867  -200.81075838
     -96.91506383]
  [   36.05004272   -49.19700779   -38.29003153    96.49276215
     121.2972861    117.07503457   226.59899909    20.26709527
     -31.73218596   -89.79886124   -70.17390424    72.69377474
     145.99055683    34.89119738  -108.21923383  -195.01249604
    -279.99494229]
  [  -36.13694441   -59.12965101  -598.11616655 -1003.40962102
     -56.14132706  -450.73214401  -917.72883756   195.71697367
     397.1967535    483.19652481   545.64021735   378.72820742
     194.74315269   262.53567506   374.43426638   166.62971729
     -44.55465514]]]