[[[  -10.58324681   -61.22553999    24.37179983   142.1809951     52.9249766
     164.69345142   150.18315195   -62.96193216   -18.88662507
      25.91448357   -38.51146486    35.54146262    48.66315007
      23.26265323  -148.25660395  -165.20965758   -59.54859748]
  [   19.49577936  -111.57595347  -139.34929601  -122.59938418
     150.5676833     82.27454948    90.52175919    28.63573775
      21.15758916   -26.34100797    -2.03886031   158.61125378
     277.73793481   194.91939143  -108.43329881  -244.22548642
    -238.44645454]
  [  -48.17696192   -49.76970077  -568.47944001 -1025.70092713
     -44.99321793  -331.65354668  -863.55548845   183.37492355
     405.64620926   499.22266671   560.67208938   382.06288131
     114.54507317   -34.95852412   382.52039813   192.62277692
     107.34273638]]]