[[[ -4.28760484e+01  -1.42550772e+02  -6.42450136e+01   2.13524247e+01
     5.40521548e+01   1.10294999e+02   9.69114669e+01  -5.42856838e+01
    -2.38764775e+01   1.58294629e+01  -1.26168926e+01   9.12588748e+01
     2.62665158e+02   3.13105793e+02  -1.78487257e+02  -2.92928878e+02
    -2.34935581e+02]
  [  5.80701919e+01  -2.20875542e+01  -1.60629878e+02  -1.57484503e+02
     1.38228006e+02   1.14155347e+01   2.61370383e+01   7.53269891e+01
     3.89574828e+01  -3.32469139e+01  -2.46873834e-01   1.29819250e+02
     1.77694105e+02   6.45289853e+01  -2.95638914e+01  -1.31307502e+02
    -2.07092185e+02]
  [ -7.16824254e+01  -3.43208220e+01  -3.37985606e+02  -9.33286706e+02
    -3.25471530e+01  -3.40563969e+02  -9.30539128e+02   1.56498974e+02
     3.88963251e+02   4.46717337e+02   5.40385544e+02   3.69055229e+02
     2.19193638e+02   2.17111176e+02   3.67327992e+02   2.08608827e+02
     9.01530655e+01]]]