[[[  20.61161762  -68.93495993 -154.61376462 -227.60515549  132.03444758
    167.08267934  261.47243377   19.87966465  -25.65847018  -21.51862931
      1.82028321  126.09035343  232.85493835  120.51571351 -141.04408429
   -218.97692267 -205.03749204]
  [  49.55508364   79.9727067    -9.05222704  122.28437219   19.13745696
    -43.174956     91.52358228   60.14158343   22.45621655  -60.49914567
    -17.1309596    -3.02196795 -103.23940695 -217.76976839   65.97824209
     47.45463126 -106.97339292]
  [ -64.17143549  -32.14318943 -529.05632935 -886.49320831  -30.70293244
   -501.84739376 -918.93236228  170.96578844  443.25068451  484.16543161
    622.27167946  423.49172044  172.41340333  286.2605505   391.71275321
    127.62935572  200.39633328]]]