[[[   18.86090503   -80.04544152  -115.67787045  -115.46308425
     130.89031289   123.7553347    141.88304819    10.32909866
       4.89398685     3.71742233     4.03664051   165.93011619
     295.00962639   179.55926571  -120.12796961  -291.25661355
    -181.50430392]
  [   23.02881345    30.47143384   -15.38117929   137.97813589
      15.58618671   -37.78739153    74.06505198    55.88305943
      50.24967877   -27.89673009    23.30803589    47.93036132
     -62.44150326  -181.09553103    65.47224268   -34.82463537
    -170.03361174]
  [  -97.34052272  -141.04145094  -719.74959582 -1072.63862131
    -104.93289943  -456.76952789  -943.0828321    141.5033396
     368.40803276   469.97072718   522.59409141   318.33237634
     167.25924061   343.58495086   348.54158138   203.8209732
     390.80625591]]]