[[[ -1.60873371e+01  -1.07554328e+02  -1.07823247e+01   9.92101140e+01
     6.47285496e+01   6.15436680e+01   1.22697499e+02  -9.04819765e+00
    -1.45454931e-01  -5.48801156e+01  -4.45244413e+01   1.08559814e+02
     2.62348183e+02   1.64593648e+02  -1.37515273e+02  -3.12113855e+02
    -2.71045799e+02]
  [ -9.42360973e+00   6.50083412e+01   1.27074743e+02   2.71696283e+02
    -8.38554414e+01  -4.69791461e+01   4.20622510e+01   3.65719737e+00
    -6.14098230e+00  -5.74438698e+01  -2.90336220e+01  -6.51411642e+01
    -1.58271615e+02  -2.07439278e+02   7.81249802e+01   1.01015667e+02
    -3.77676341e+00]
  [ -6.91949177e+01  -3.21918459e+01  -5.83704674e+02  -9.70948515e+02
    -3.40029353e+01  -5.81269451e+02  -9.75481931e+02   1.54822604e+02
     3.78473068e+02   4.48593407e+02   5.53096662e+02   3.59311110e+02
     2.57358001e+02   1.79666202e+02   3.64488888e+02   3.47858149e+02
     5.27848806e+02]]]