[[[  -5.42477241  -88.56730255 -161.78010802 -246.97428809   71.06550172
    113.69958215  318.66045199   -6.00493799    5.78965498    6.46870284
     35.68694942  149.42082052  254.93259043  154.64878849 -106.07820492
   -282.28500291 -218.21943322]
  [  20.68928427   38.86916437   32.37583881  165.73659373    2.50940163
     -9.06317962   92.86972391   38.26303083   26.94394227  -47.22818699
     -5.96341587   19.08847981  -16.65667195 -128.39429699   47.44534817
    -83.12082412 -194.36423226]
  [ -74.93080421  -44.07628363 -574.51167952 -965.15686556  -70.79801653
   -449.51179995 -958.88726312  147.80686148  390.87207458  441.03192246
    534.61361022  336.39277421  120.3537392    26.57865418  382.33646595
    435.59588774  634.66616117]]]