[[[  11.32230564  -67.3937001   -79.79189608  -53.65077951   93.3551385
    -37.78964434   39.43278236   42.60604914   37.49148008  -18.82414198
     30.07343558  138.44758129  228.05593661   89.67239665  -87.59999357
   -200.98993585 -129.31280164]
  [  14.60430006  114.20642796   48.8967424   108.12081663  -84.9978239
   -140.0749168  -105.88787911   41.53870924   42.65422344  -16.21925331
     22.86343374  -50.94690606 -199.52641681 -204.78394459  145.79701874
    195.82195237   56.00554545]
  [ -80.5875613   -40.73832096 -496.50739025 -961.70851672  -41.68393354
   -498.63527288 -996.21765454  155.05039417  415.32060716  480.13281496
    578.50229564  395.88848997  263.35499743  308.20124904  392.53117917
    198.8637785   265.34000264]]]