[[[  1.51251202e+01  -9.33489800e+01  -1.85261210e+02  -9.84815242e+01
     1.29586974e+02   1.23917447e+02   1.23062986e+02  -6.64924928e+00
    -3.00355472e+01  -3.48921463e+01  -7.26737119e+01   6.51540869e+01
     2.80231295e+02   2.61034689e+02  -1.60500949e+02  -1.89582110e+02
    -1.53103446e+02]
  [ -3.42222442e+01  -5.11946403e+01  -1.88020748e+01   1.46507498e+02
    -1.72497994e+01   5.27266272e-02   1.67692282e+02   3.20278441e+01
     6.49792242e+01  -9.50908193e+00   4.93419258e+01   8.61261562e+01
    -3.99839553e+01  -1.58375214e+02   4.65117017e+01  -7.85159745e+01
    -1.87041740e+02]
  [ -1.54381140e+02  -1.82404337e+02  -7.23068503e+02  -1.05756229e+03
    -1.38757349e+02  -6.28539591e+02  -9.64340648e+02   1.21130930e+02
     4.18555257e+02   5.16514680e+02   6.39681491e+02   4.45431453e+02
     4.77895259e+02   6.81530477e+02   3.88332629e+02   1.71359368e+02
     2.82371306e+02]]]