[[[   1.09978637  -80.8757661   -60.50517948  -36.05409783   91.41656356
     95.71848204   35.79318932  -28.07930879  -18.91143691   43.40666878
     -6.87594329  115.34023793  153.29287197  159.65222907 -126.56648301
   -193.85217607 -127.57249122]
  [   5.57163828  -97.06761065 -118.30953668  -73.49014927  108.21091192
     69.66109839  134.99442142   27.24613112   16.76710915  -41.13358592
    -11.54178673  130.3537528   230.71359751  142.01773142  -81.61462937
   -205.52776935 -231.11426982]
  [ -56.79336967  -12.97923504 -520.53611578 -964.1267074   -12.20813258
   -523.61764663 -961.55185944  185.5362874   448.69887698  510.68813808
    633.01770876  426.64889421  235.1084547   148.54724803  427.13228722
    269.01327094  156.09567924]]]