[[[   0.8715581   -85.34331654  133.50079224   26.15105761  114.10856402
    146.70976115  162.42734927  -28.28675893  -58.00401242  -26.41401742
    -58.86146889  100.27444788  278.86068576  220.3058009  -180.93470996
   -337.38214425 -273.23439995]
  [ 111.78098721   58.22136522 -306.6821656  -104.47064569  165.34057857
   -227.1628889   -85.55842617  102.3710949    60.76866371  -22.42789319
     20.01533434  116.32712288  108.75845817   11.32105021   43.52382991
     27.80790283  -59.14066605]
  [ -89.58944727 -155.29218102 -790.62133862 -758.016629   -102.51941676
   -412.46440038 -608.05077319  129.95078904  314.48467489  432.06444908
    476.31731646  300.62125426  155.36355383  230.24545828  286.34647417
     85.93225944  -37.96596381]]]