[[[  42.97914663  -70.93950732  -92.30716867 -146.05243585  106.85682268
    143.71675231  425.51119905   23.45394648  -22.18189427  -77.36209452
    -67.53913831  116.01394556  194.06020357  166.65417062 -121.55783251
   -232.14147986 -400.093637  ]
  [  53.49346718  120.03422046   48.36630017   96.17106349  -13.04731137
    -69.87654809   21.44638666   45.88838971    1.39847782  -55.91585773
    -28.94378512  -63.89169276 -163.04587811 -263.15200117   89.98293506
    152.72665483   30.97493773]
  [ -47.06473256  -34.19634835 -390.58765378 -932.01686477  -27.74306536
   -204.46909672 -844.32809822  158.44015129  371.7224893   411.22005064
    506.38086152  355.85554558  184.54913676  106.55148886  324.09093631
    154.83868998  224.41257914]]]