[[[  43.85846346  -44.30150501  -54.67116991  -32.89720422  124.66255426
     65.00694182  117.46665385   59.85752519   27.60833893  -11.6011479
     46.90602399  161.40855069  239.40350809  129.79267485  -71.82585005
   -186.42392502 -152.93940953]
  [  22.56122081  115.37156382   46.44960962  107.85561745  -70.24904648
   -127.84879022  -52.88995921   34.82594761   -5.12054451  -61.78540418
    -32.18215736  -86.08502657 -134.74237851 -178.80971613   99.04112701
    151.50765461   29.93343793]
  [ -47.38779658    1.03592383 -464.70321985 -929.66451719   -2.45435626
   -462.53606593 -869.113419    183.90621386  457.20909434  495.15360114
    623.49188164  429.72512856   90.58574615  -48.12607737  408.52316988
    238.38372314  305.73728931]]]