[[[ -8.99542674e+01  -1.17149410e+02  -1.20369876e+02  -3.59263876e+02
     2.18625695e+01   1.12502230e+02   1.71575305e+02  -7.42483949e+01
    -5.82785018e+01   9.95904119e+00  -1.49853129e+01   4.04618243e+01
     1.25973387e+02   1.83342249e+02  -1.23421367e+02  -4.00165773e+01
     1.77765665e+02]
  [ -6.25695379e+04  -6.26143230e+04  -6.29200498e+04  -6.27793834e+04
    -6.25247526e+04  -6.27946780e+04  -6.26770726e+04  -6.26058085e+04
    -6.26843012e+04  -6.27525622e+04  -6.27262151e+04  -6.26262804e+04
    -6.26573792e+04  -6.28221714e+04  -6.27377363e+04  -6.29094011e+04
    -6.29111032e+04]
  [ -8.13444359e+01  -6.44207673e+01  -4.03458792e+02  -1.01299145e+03
    -6.56035267e+01  -3.02931145e+02  -7.08816819e+02   1.38141130e+02
     3.67470725e+02   3.87392034e+02   4.74940333e+02   3.19511232e+02
     2.11319915e+02   2.27450166e+02   3.47236945e+02   2.07991493e+02
     2.28110037e+02]]]