[[[-151.3680722  -180.99948163   83.70385429  126.57988733  -51.6918687
    131.733006    192.25519084 -153.61822852 -132.48255924  -34.05244394
    -86.9500108   -33.89264079  131.39459589  141.53975593 -195.41652967
    -98.1099428   113.87649942]
  [  88.17404661  -14.91036769 -225.96726809 -154.30851375  191.25844159
    -48.51521433    7.24222508   84.49569312   56.486029      3.72890707
     31.84758139  161.03679746  175.84463448  -13.87100142  -49.89604245
   -207.93893891 -154.12701991]
  [ -96.93931972  -72.02780591 -349.58702457 -661.57993904  -37.92302842
   -376.61436153 -969.05175137  133.78505974  392.83241844  433.13563483
    538.83818029  369.37622835  174.12674914  101.39565564  369.84960154
    209.12626437  188.56504499]]]