[[[  -3.70782245 -105.26909129   -7.81936237  -66.0141603    72.2189634
     67.37064391  -46.37838421  -12.01555021    2.86809465   57.52450827
     14.93146136  143.79672175  238.32590712  242.15409873 -110.522226
   -232.31753077 -213.345136  ]
  [  13.12794887  -79.07550167 -104.89598988  -35.14731005  105.33150396
     89.03797945  196.06069109   21.64451751   -2.67516894  -58.2756952
    -30.00079614   98.79105601  163.6727037    75.71667211  -78.04778875
   -156.07997932 -206.3025698 ]
  [ -51.59378057   -4.73016899 -563.35273657 -946.19056558   -3.08159614
   -533.32440245 -938.80028195  178.93466824  426.11630094  479.26038138
    581.3374934   407.84897606  263.10852416  348.70390622  405.17057569
    243.54575834   75.76536627]]]