[[[ -15.23451511  -99.78444369  -76.31218885  -53.74322761   74.02149878
     78.37751459   15.54012587  -34.56780404    4.11871601   45.58628959
    -16.14147765  104.91457066  178.20976615  272.87574194 -136.0220502
   -204.98535575 -141.06919025]
  [  15.50026474  -83.54679596 -121.35022653  -65.70546156  114.54733211
     74.75244688  145.21795317   32.06978068   12.48097767  -50.89809938
    -21.69283766  122.76107347  221.91645723  139.96533006  -81.07713967
   -196.76550972 -259.60810034]
  [ -53.09448076  -13.08286232 -497.4546031  -923.91518405  -12.44315155
   -500.86464344 -921.47173817  192.71197585  464.30949315  520.21744263
    644.92567256  441.30876864  218.40789247   51.80068754  442.12094283
    252.38906545   95.21086087]]]