[[[ -2.28159553e+01  -8.93665923e+01   1.92804374e+00  -5.11646101e+01
     5.10032620e+01   6.35351427e+01   2.95256895e+02  -3.48335043e+01
    -7.72692299e+01  -1.30377607e+02  -1.24825351e+02   3.48116529e+01
     1.20427900e+02   1.89614287e+02  -1.77206892e+02  -2.36744507e+02
    -2.90430881e+02]
  [  1.01124085e+01   8.52678409e+01   1.21896820e+02   2.16492091e+02
    -6.50430997e+01  -2.30012410e+01   1.04350057e+02  -4.50846040e-01
    -2.48065760e+01  -8.00285402e+01  -5.50226231e+01  -9.21766585e+01
    -1.70707851e+02  -2.48007801e+02   6.61361039e+01   1.73633038e+02
     1.28808065e+02]
  [ -2.11870288e+01   2.63144898e+00  -5.40479393e+02  -9.33129753e+02
     2.10972442e+00  -5.35745539e+02  -8.19101199e+02   2.03912240e+02
     4.50539721e+02   4.90862824e+02   5.97697258e+02   4.64582778e+02
     2.83553269e+02   1.46523284e+02   4.27184384e+02   1.96206383e+02
    -1.71475720e+01]]]