[[[   31.61280512   -86.81241913   -59.9012641   -164.73975983
     103.53329953   272.45396587   480.76667526    14.81072072
     -28.83913306   -86.8841955    -81.61643174   120.08964805
     196.36426698   120.62408642  -165.93743343  -347.06642444
    -358.91907636]
  [   60.37465633   128.73742055   116.91866667   174.25407682
      -7.98804415    -7.10422112   187.39892171    30.67383189
     -29.66975617   -89.67687579   -69.50604423   -98.78104884
    -225.9626671   -307.23050281    67.37924493   105.6318504
     -25.78782159]
  [  -67.74313754   -59.37671254  -436.23495534 -1041.94344924
     -63.18652936  -467.44558162  -823.71052048   160.52524505
     379.73083804   433.54605211   555.66849008   360.4541526
     176.69163822   132.7713882    363.81243916   274.03225971
     442.33334272]]]