[[[ -2.68307178e+01  -1.03780110e+02   3.36373755e+00  -1.32406627e+01
     4.82950414e+01   5.98084123e+01  -1.03183957e+02  -4.37633700e+01
    -7.12095489e+00   5.85759965e+01   8.04639057e+00   8.31054350e+01
     1.64274127e+02   8.83985119e+01  -1.05527947e+02  -1.22438025e+02
    -4.03755726e+01]
  [  1.43905477e+01  -1.06371673e+02  -1.36811285e+02  -1.05021810e+02
     1.35153034e+02   9.42840768e+01   1.49423294e+02   2.59259409e+01
     1.20716854e+01  -2.60943919e+01   4.92382268e-02   1.41777427e+02
     2.29574631e+02   1.07311834e+02  -1.06778643e+02  -2.42651735e+02
    -2.04184417e+02]
  [ -8.34418818e+01  -5.10265752e+01  -5.29337844e+02  -1.01162722e+03
    -5.15087811e+01  -4.94428150e+02  -8.99803679e+02   1.65061213e+02
     4.46893640e+02   4.93801635e+02   6.03957713e+02   4.25270224e+02
     2.16417607e+02   3.69274231e+02   4.26139706e+02   2.73108634e+02
     1.30088798e+02]]]