[[[ -20.78391925 -117.87890471  -87.03756589   46.45366403   80.52778573
    150.37578137   32.76635548  -29.90793017  -14.00116918    0.6071651
     37.13854613  132.42371773  147.18678251  144.66354189 -163.57424742
   -246.48605264 -209.67363286]
  [  53.10303072   39.62960149 -386.10758162 -530.67530413   66.57648894
   -363.26271996 -521.1699554   193.8312822   215.13523918  123.64221826
    199.13343691  224.99243611  227.59397472   94.69066714  191.28336103
    138.2399097    26.01961155]
  [-243.07702586 -313.6512373     9.88350347 -248.09285243 -319.04739824
    -24.45067419 -265.03502001  -10.39138075  253.43920775  367.63378937
    452.09323361  226.95773104 -135.1727968  -268.17640692  284.86113778
     -7.75934546  -29.0078595 ]]]