[[[ -2.68350662e+00  -1.01567944e+02  -9.58211441e+01  -3.72079387e+01
     9.28817724e+01   4.63343995e+01   1.82963569e+02  -7.95083399e-01
    -2.68982947e+01  -5.13129971e+01  -3.55599858e+01   1.27336009e+02
     2.97082862e+02   2.42847384e+02  -1.75081981e+02  -2.61170200e+02
    -2.56138507e+02]
  [ -7.39441183e+00   4.43635740e+01   5.09847286e+01   1.92148606e+02
    -5.91523785e+01  -6.08387148e+01   7.17683188e+01   1.60459401e+01
     1.14468094e+01  -5.65882097e+01  -1.57534339e+01  -2.46825701e+01
    -8.14977861e+01  -1.67750135e+02   7.22603440e+01   6.91984246e+01
    -4.61039909e+01]
  [ -6.66872486e+01  -3.26392666e+01  -5.92273676e+02  -9.59566725e+02
    -3.03592672e+01  -5.54595617e+02  -9.22712121e+02   1.67057464e+02
     4.27594926e+02   4.83739471e+02   5.82997907e+02   4.11366625e+02
     3.01073097e+02   1.86964906e+02   4.04994570e+02   1.96095049e+02
     3.51996969e+02]]]