[[[   1.40056496  -36.02608832  250.5678156   263.5316715    45.98947935
   -123.02236904 -349.61029726  -33.71946843  -39.85960909   45.21331421
    -30.50536424   42.76483282  195.57756069  178.75280008  -94.14163586
   -161.7956027  -142.22319356]
  [  17.04102864 -114.31608458 -146.04653957 -148.2907815   148.3982635
    131.78000406  154.02451781   21.82797193    0.8546874   -22.71597894
    -12.90821665  136.27647315  251.56724164  182.36648203 -122.28844776
   -220.3071829  -254.33837821]
  [ -57.89814543  -22.79804884 -475.9598285  -840.61338157  -17.77684442
   -487.00207749 -827.06522395  175.68137     434.95891829  503.23415111
    620.68608288  451.14846807  271.25861318  187.26057898  408.65445314
    139.52877503  -85.81671057]]]