[[[   6.02624076  -97.25559845 -153.76505135 -227.32870704   88.22430523
    132.93667832  359.36532262   15.45951108   23.8105556   -16.21667
     13.55137311  170.82163507  280.28801413  128.17225105  -86.06961977
   -318.71557339 -314.03558514]
  [  23.65663757   87.98868643   39.24409515  141.1746745   -40.67535021
    -48.24647615   85.28805549   37.66539412   10.6790594   -52.14394995
    -22.0883847   -45.03996736 -118.7917916  -202.5808       90.14180272
     73.48075224  -60.71970814]
  [ -84.04675333  -66.15703539 -543.65133649 -948.02403468  -68.55040009
   -484.19015388 -938.64913074  147.04311587  383.42970927  450.15981004
    556.60855511  355.97707728  126.00733883   -1.32712414  374.35316921
    426.59004841  626.34560256]]]