[[[    2.08279663   -91.48287221   -81.63518443   -89.92701713
      97.85283361    86.10751175    40.38105482    -3.93440258
      24.06866197    13.55598211    -9.42469221   135.11959218
     295.18597157   199.21395707  -124.85966397  -293.33826431
    -187.2618887 ]
  [  -27.02088286   -43.35445797   -14.41814142   120.5322098
     -10.68732196    28.21242192   169.69899206    21.3931796
      56.93615385   -10.71873893    41.32380492    77.0580271
       2.65179569  -116.12169447    43.07782377  -129.63304002
    -207.83371604]
  [ -113.85252419   -72.89386072  -614.42108586  -967.86025589
    -108.76301221  -622.77661799 -1008.01971915   119.16205305
     375.46889407   447.00502191   519.24659021   352.72507497
     195.86204574   357.75095913   365.23361447   422.75848857
     628.31062945]]]