[[[ -37.27905055  -94.31384392   59.84530568  279.43339376   21.09329001
    -88.77922225 -177.67482372  -41.26648546  -58.35566392 -147.24620836
   -144.95374518   14.55344506  143.7695097   263.75130275 -218.36894769
   -130.18217256 -173.63621101]
  [   5.30451827  107.65401879  129.82227145  211.10638229  -97.04502591
   -115.20561812 -128.91283702   16.50458386   21.41370018  -30.03367467
     -4.69594961  -70.93810626 -181.52530224 -261.28696207  125.35074364
    231.22737404  222.7262776 ]
  [ -14.25440216    5.38841622 -523.25574292 -800.66600252   45.0066061
   -440.14951882 -840.99835141  194.52554668  447.45906306  458.06356915
    539.39249136  436.93868181  300.92197284  200.62210458  392.0515995
     89.72592453 -122.97450369]]]