[[[ -7.27538671e+00  -1.05920677e+02  -1.54720005e+02  -1.84501687e+02
     8.02218761e+01   7.44321872e+01   2.15391754e+02   1.03020812e+01
    -3.17199350e+01  -4.70941925e+01  -3.92703163e+01   1.17443914e+02
     2.35696177e+02   2.15135017e+02  -1.37761671e+02  -1.64340342e+02
    -1.20086292e+02]
  [  9.55113712e+00   7.93753496e+01   2.15338717e+01   8.78099856e+01
    -6.02732440e+01  -7.77396801e+01   3.25976814e+01   2.38889917e+01
     1.13649028e+01  -6.20738341e+01  -2.84067644e+01  -4.79317989e+01
    -1.59755448e+02  -2.19228899e+02   9.37501588e+01   1.96419220e+02
     1.11783964e+02]
  [ -4.34047733e+01   1.03057323e+00  -4.73877107e+02  -9.72819619e+02
    -6.86062131e-01  -5.04584726e+02  -9.00685508e+02   1.80065282e+02
     4.14437340e+02   4.71132911e+02   5.91051760e+02   3.97520541e+02
     2.66689123e+02   3.76758204e+02   3.91274856e+02   1.91056657e+02
    -1.55163929e+01]]]