[[[ -65.57457062 -169.05322262   64.80066314   98.79074424    3.86868205
     98.44214746  162.39566152  -60.83378307  -64.22578208  -92.13078267
    -70.16469093   45.85384738  166.39137616  198.29922613 -168.22682121
   -367.17183098 -359.23523965]
  [ -22.32002752   36.4418764   176.20969973  323.73548726  -81.08195546
     19.28120289   96.66890429  -15.04873435  -12.4838966   -66.79403346
    -38.25807049  -63.75840982 -208.87037249 -271.58245962   59.42702537
    139.79124937   94.70273426]
  [ -67.70773328  -45.08189343 -579.83084444 -973.97259586  -46.52336783
   -545.49775524 -969.9027277   157.92170799  397.89576751  451.60530726
    545.67498359  383.70913516  371.95701847  380.85187777  382.96814757
    399.79506332  217.9715554 ]]]