[[[   7.03291973  -78.25285124  -83.71887413  -22.9155623    88.56663219
     70.57987983   47.46753893   25.25562694  -13.22178732  -62.81351608
    -28.24370582  125.58916589  158.14926643  133.02693439 -109.60138702
   -140.27054153 -147.15470827]
  [  13.64363336  120.64178556   83.36807553  145.1380179   -93.35450307
   -112.85897473  -65.96560144   23.85725201   -1.09862423  -56.20363472
    -33.20397383 -102.28401699 -212.77358387 -237.48186961  120.02286216
    244.43028883  174.91110682]
  [ -46.35406608   -3.22117667 -511.51656549 -946.34876301   -4.3483011
   -509.53165775 -948.86801936  194.70750711  451.8309882   507.30710422
    633.78951654  429.02436896  237.15162563  106.86323355  431.64665039
    271.03068423  105.37563341]]]